chr	start	stop	value
1	1	100000	29
1	100001	200000	18
1	200001	300000	22
1	300001	400000	18
1	400001	500000	16
1	500001	600000	20
1	600001	700000	13
1	700001	800000	22
1	800001	900000	10
1	900001	1000000	16
1	1000001	1100000	16
1	1100001	1200000	19
1	1200001	1300000	7
1	1300001	1400000	22
1	1400001	1500000	12
1	1500001	1600000	16
1	1600001	1700000	10
1	1700001	1800000	17
1	1800001	1900000	18
1	1900001	2000000	19
1	2000001	2100000	19
1	2100001	2200000	10
1	2200001	2300000	20
1	2300001	2400000	17
1	2400001	2500000	14
1	2500001	2600000	22
1	2600001	2700000	22
1	2700001	2800000	14
1	2800001	2900000	20
1	2900001	3000000	22
1	3000001	3100000	30
1	3100001	3200000	13
1	3200001	3300000	17
1	3300001	3400000	21
1	3400001	3500000	26
1	3500001	3600000	16
1	3600001	3700000	17
1	3700001	3800000	16
1	3800001	3900000	19
1	3900001	4000000	16
1	4000001	4100000	16
1	4100001	4200000	12
1	4200001	4300000	13
1	4300001	4400000	22
1	4400001	4500000	22
1	4500001	4600000	14
1	4600001	4700000	6
1	4700001	4800000	16
1	4800001	4900000	16
1	4900001	5000000	13
1	5000001	5100000	17
1	5100001	5200000	8
1	5200001	5300000	17
1	5300001	5400000	15
1	5400001	5500000	19
1	5500001	5600000	14
1	5600001	5700000	13
1	5700001	5800000	17
1	5800001	5900000	16
1	5900001	6000000	11
1	6000001	6100000	13
1	6100001	6200000	13
1	6200001	6300000	13
1	6300001	6400000	16
1	6400001	6500000	8
1	6500001	6600000	20
1	6600001	6700000	15
1	6700001	6800000	15
1	6800001	6900000	17
1	6900001	7000000	17
1	7000001	7100000	15
1	7100001	7200000	19
1	7200001	7300000	22
1	7300001	7400000	13
1	7400001	7500000	24
1	7500001	7600000	13
1	7600001	7700000	17
1	7700001	7800000	15
1	7800001	7900000	18
1	7900001	8000000	13
1	8000001	8100000	15
1	8100001	8200000	15
1	8200001	8300000	17
1	8300001	8400000	21
1	8400001	8500000	14
1	8500001	8600000	16
1	8600001	8700000	12
1	8700001	8800000	15
1	8800001	8900000	15
1	8900001	9000000	13
1	9000001	9100000	18
1	9100001	9200000	18
1	9200001	9300000	18
1	9300001	9400000	17
1	9400001	9500000	12
1	9500001	9600000	4
1	9600001	9700000	19
1	9700001	9800000	13
1	9800001	9900000	11
1	9900001	10000000	9
1	10000001	10100000	14
1	10100001	10200000	12
1	10200001	10300000	9
1	10300001	10400000	14
1	10400001	10500000	5
1	10500001	10600000	8
1	10600001	10700000	21
1	10700001	10800000	7
1	10800001	10900000	19
1	10900001	11000000	15
1	11000001	11100000	9
1	11100001	11200000	8
1	11200001	11300000	17
1	11300001	11400000	9
1	11400001	11500000	7
1	11500001	11600000	13
1	11600001	11700000	19
1	11700001	11800000	15
1	11800001	11900000	13
1	11900001	12000000	12
1	12000001	12100000	6
1	12100001	12200000	11
1	12200001	12300000	16
1	12300001	12400000	14
1	12400001	12500000	5
1	12500001	12600000	8
1	12600001	12700000	16
1	12700001	12800000	13
1	12800001	12900000	11
1	12900001	13000000	10
1	13000001	13100000	1
1	13100001	13200000	8
1	13200001	13300000	14
1	13300001	13400000	18
1	13400001	13500000	7
1	13500001	13600000	15
1	13600001	13700000	2
1	13700001	13800000	10
1	13800001	13900000	15
1	13900001	14000000	17
1	14000001	14100000	12
1	14100001	14200000	10
1	14200001	14300000	17
1	14300001	14400000	11
1	14400001	14500000	13
1	14500001	14600000	9
1	14600001	14700000	6
1	14700001	14800000	21
1	14800001	14900000	8
1	14900001	15000000	11
1	15000001	15100000	8
1	15100001	15200000	14
1	15200001	15300000	10
1	15300001	15400000	10
1	15400001	15500000	14
1	15500001	15600000	6
1	15600001	15700000	8
1	15700001	15800000	8
1	15800001	15900000	7
1	15900001	16000000	11
1	16000001	16100000	21
1	16100001	16200000	7
1	16200001	16300000	10
1	16300001	16400000	7
1	16400001	16500000	9
1	16500001	16600000	4
1	16600001	16700000	7
1	16700001	16800000	7
1	16800001	16900000	0
1	16900001	17000000	2
1	17000001	17100000	6
1	17100001	17200000	8
1	17200001	17300000	7
1	17300001	17400000	12
1	17400001	17500000	19
1	17500001	17600000	10
1	17600001	17700000	7
1	17700001	17800000	13
1	17800001	17900000	6
1	17900001	18000000	19
1	18000001	18100000	16
1	18100001	18200000	12
1	18200001	18300000	6
1	18300001	18400000	9
1	18400001	18500000	11
1	18500001	18600000	13
1	18600001	18700000	13
1	18700001	18800000	10
1	18800001	18900000	7
1	18900001	19000000	10
1	19000001	19100000	25
1	19100001	19200000	9
1	19200001	19300000	9
1	19300001	19400000	14
1	19400001	19500000	11
1	19500001	19600000	6
1	19600001	19700000	9
1	19700001	19800000	1
1	19800001	19900000	10
1	19900001	20000000	12
1	20000001	20100000	4
1	20100001	20200000	8
1	20200001	20300000	11
1	20300001	20400000	11
1	20400001	20500000	9
1	20500001	20600000	7
1	20600001	20700000	7
1	20700001	20800000	10
1	20800001	20900000	12
1	20900001	21000000	12
1	21000001	21100000	9
1	21100001	21200000	24
1	21200001	21300000	10
1	21300001	21400000	9
1	21400001	21500000	8
1	21500001	21600000	4
1	21600001	21700000	21
1	21700001	21800000	14
1	21800001	21900000	10
1	21900001	22000000	16
1	22000001	22100000	15
1	22100001	22200000	9
1	22200001	22300000	5
1	22300001	22400000	14
1	22400001	22500000	21
1	22500001	22600000	12
1	22600001	22700000	14
1	22700001	22800000	18
1	22800001	22900000	15
1	22900001	23000000	23
1	23000001	23100000	10
1	23100001	23200000	10
1	23200001	23300000	9
1	23300001	23400000	21
1	23400001	23500000	8
1	23500001	23600000	13
1	23600001	23700000	13
1	23700001	23800000	11
1	23800001	23900000	21
1	23900001	24000000	14
1	24000001	24100000	6
1	24100001	24200000	19
1	24200001	24300000	18
1	24300001	24400000	20
1	24400001	24500000	15
1	24500001	24600000	11
1	24600001	24700000	13
1	24700001	24800000	10
1	24800001	24900000	19
1	24900001	25000000	19
1	25000001	25100000	16
1	25100001	25200000	15
1	25200001	25300000	14
1	25300001	25400000	18
1	25400001	25500000	15
1	25500001	25600000	13
1	25600001	25700000	11
1	25700001	25800000	16
1	25800001	25900000	8
1	25900001	26000000	14
1	26000001	26100000	14
1	26100001	26200000	14
1	26200001	26300000	14
1	26300001	26400000	12
1	26400001	26500000	12
1	26500001	26600000	15
1	26600001	26700000	11
1	26700001	26800000	14
1	26800001	26900000	9
1	26900001	27000000	5
1	27000001	27100000	23
1	27100001	27200000	24
1	27200001	27300000	18
1	27300001	27400000	16
1	27400001	27500000	8
1	27500001	27600000	14
1	27600001	27700000	21
1	27700001	27800000	17
1	27800001	27900000	15
1	27900001	28000000	16
1	28000001	28100000	18
1	28100001	28200000	19
1	28200001	28300000	12
1	28300001	28400000	17
1	28400001	28500000	16
1	28500001	28600000	29
1	28600001	28700000	13
1	28700001	28800000	16
1	28800001	28900000	14
1	28900001	29000000	15
1	29000001	29100000	16
1	29100001	29200000	16
1	29200001	29300000	20
1	29300001	29400000	13
1	29400001	29500000	19
1	29500001	29600000	27
1	29600001	29700000	14
1	29700001	29800000	20
1	29800001	29900000	17
1	29900001	30000000	21
1	30000001	30100000	26
1	30100001	30200000	22
1	30200001	30300000	11
1	30300001	30400000	22
1	30400001	30500000	17
1	30500001	30600000	16
1	30600001	30700000	16
1	30700001	30800000	18
1	30800001	30900000	14
1	30900001	31000000	20
1	31000001	31100000	21
1	31100001	31200000	9
1	31200001	31300000	14
1	31300001	31400000	25
1	31400001	31500000	8
1	31500001	31600000	17
1	31600001	31700000	25
1	31700001	31800000	14
1	31800001	31900000	23
1	31900001	32000000	20
1	32000001	32100000	21
1	32100001	32200000	23
1	32200001	32300000	21
1	32300001	32400000	18
1	32400001	32500000	10
1	32500001	32600000	23
1	32600001	32700000	19
1	32700001	32800000	19
1	32800001	32900000	17
1	32900001	33000000	14
1	33000001	33100000	15
1	33100001	33200000	19
1	33200001	33300000	16
1	33300001	33400000	21
1	33400001	33500000	14
1	33500001	33600000	24
1	33600001	33700000	21
1	33700001	33800000	17
1	33800001	33900000	17
1	33900001	34000000	20
1	34000001	34100000	14
1	34100001	34200000	22
1	34200001	34300000	11
1	34300001	34400000	15
1	34400001	34500000	20
1	34500001	34600000	23
1	34600001	34700000	23
1	34700001	34800000	13
1	34800001	34900000	17
1	34900001	35000000	15
1	35000001	35100000	12
1	35100001	35200000	16
1	35200001	35300000	8
1	35300001	35400000	12
1	35400001	35500000	21
1	35500001	35600000	18
1	35600001	35700000	21
1	35700001	35800000	30
1	35800001	35900000	23
1	35900001	36000000	17
1	36000001	36100000	21
1	36100001	36200000	24
1	36200001	36300000	17
1	36300001	36400000	22
1	36400001	36500000	19
1	36500001	36600000	4
1	36600001	36700000	21
1	36700001	36800000	15
1	36800001	36900000	5
1	36900001	37000000	10
1	37000001	37100000	22
1	37100001	37200000	21
1	37200001	37300000	16
1	37300001	37400000	21
1	37400001	37500000	17
1	37500001	37600000	36
1	37600001	37700000	17
1	37700001	37800000	23
1	37800001	37900000	17
1	37900001	38000000	18
1	38000001	38100000	18
1	38100001	38200000	21
1	38200001	38300000	22
1	38300001	38400000	15
1	38400001	38500000	17
1	38500001	38600000	16
1	38600001	38700000	17
1	38700001	38800000	16
1	38800001	38900000	19
1	38900001	39000000	25
1	39000001	39100000	23
1	39100001	39200000	14
1	39200001	39300000	19
1	39300001	39400000	20
1	39400001	39500000	17
1	39500001	39600000	17
1	39600001	39700000	19
1	39700001	39800000	18
1	39800001	39900000	23
1	39900001	40000000	20
1	40000001	40100000	16
1	40100001	40200000	22
1	40200001	40300000	17
1	40300001	40400000	11
1	40400001	40500000	12
1	40500001	40600000	13
1	40600001	40700000	19
1	40700001	40800000	22
1	40800001	40900000	25
1	40900001	41000000	20
1	41000001	41100000	24
1	41100001	41200000	21
1	41200001	41300000	13
1	41300001	41400000	15
1	41400001	41500000	18
1	41500001	41600000	21
1	41600001	41700000	5
1	41700001	41800000	8
1	41800001	41900000	20
1	41900001	42000000	18
1	42000001	42100000	17
1	42100001	42200000	16
1	42200001	42300000	24
1	42300001	42400000	18
1	42400001	42500000	25
1	42500001	42600000	15
1	42600001	42700000	25
1	42700001	42800000	15
1	42800001	42900000	24
1	42900001	43000000	12
1	43000001	43100000	16
1	43100001	43200000	19
1	43200001	43268879	11
2	1	100000	26
2	100001	200000	23
2	200001	300000	11
2	300001	400000	15
2	400001	500000	19
2	500001	600000	17
2	600001	700000	12
2	700001	800000	16
2	800001	900000	16
2	900001	1000000	16
2	1000001	1100000	28
2	1100001	1200000	31
2	1200001	1300000	22
2	1300001	1400000	25
2	1400001	1500000	22
2	1500001	1600000	20
2	1600001	1700000	23
2	1700001	1800000	20
2	1800001	1900000	18
2	1900001	2000000	27
2	2000001	2100000	16
2	2100001	2200000	20
2	2200001	2300000	10
2	2300001	2400000	9
2	2400001	2500000	15
2	2500001	2600000	24
2	2600001	2700000	16
2	2700001	2800000	18
2	2800001	2900000	17
2	2900001	3000000	13
2	3000001	3100000	14
2	3100001	3200000	21
2	3200001	3300000	21
2	3300001	3400000	16
2	3400001	3500000	20
2	3500001	3600000	16
2	3600001	3700000	19
2	3700001	3800000	23
2	3800001	3900000	12
2	3900001	4000000	19
2	4000001	4100000	17
2	4100001	4200000	22
2	4200001	4300000	15
2	4300001	4400000	18
2	4400001	4500000	14
2	4500001	4600000	11
2	4600001	4700000	17
2	4700001	4800000	19
2	4800001	4900000	18
2	4900001	5000000	22
2	5000001	5100000	19
2	5100001	5200000	12
2	5200001	5300000	19
2	5300001	5400000	16
2	5400001	5500000	21
2	5500001	5600000	23
2	5600001	5700000	14
2	5700001	5800000	21
2	5800001	5900000	12
2	5900001	6000000	15
2	6000001	6100000	15
2	6100001	6200000	21
2	6200001	6300000	15
2	6300001	6400000	14
2	6400001	6500000	16
2	6500001	6600000	28
2	6600001	6700000	16
2	6700001	6800000	26
2	6800001	6900000	9
2	6900001	7000000	14
2	7000001	7100000	15
2	7100001	7200000	16
2	7200001	7300000	14
2	7300001	7400000	12
2	7400001	7500000	10
2	7500001	7600000	10
2	7600001	7700000	18
2	7700001	7800000	10
2	7800001	7900000	5
2	7900001	8000000	11
2	8000001	8100000	12
2	8100001	8200000	14
2	8200001	8300000	19
2	8300001	8400000	12
2	8400001	8500000	17
2	8500001	8600000	16
2	8600001	8700000	9
2	8700001	8800000	11
2	8800001	8900000	13
2	8900001	9000000	20
2	9000001	9100000	13
2	9100001	9200000	8
2	9200001	9300000	7
2	9300001	9400000	1
2	9400001	9500000	14
2	9500001	9600000	22
2	9600001	9700000	6
2	9700001	9800000	7
2	9800001	9900000	10
2	9900001	10000000	11
2	10000001	10100000	12
2	10100001	10200000	12
2	10200001	10300000	7
2	10300001	10400000	15
2	10400001	10500000	9
2	10500001	10600000	14
2	10600001	10700000	3
2	10700001	10800000	13
2	10800001	10900000	12
2	10900001	11000000	16
2	11000001	11100000	9
2	11100001	11200000	20
2	11200001	11300000	7
2	11300001	11400000	16
2	11400001	11500000	9
2	11500001	11600000	10
2	11600001	11700000	2
2	11700001	11800000	13
2	11800001	11900000	8
2	11900001	12000000	11
2	12000001	12100000	12
2	12100001	12200000	9
2	12200001	12300000	6
2	12300001	12400000	20
2	12400001	12500000	9
2	12500001	12600000	11
2	12600001	12700000	15
2	12700001	12800000	15
2	12800001	12900000	13
2	12900001	13000000	8
2	13000001	13100000	14
2	13100001	13200000	16
2	13200001	13300000	5
2	13300001	13400000	10
2	13400001	13500000	8
2	13500001	13600000	7
2	13600001	13700000	1
2	13700001	13800000	4
2	13800001	13900000	11
2	13900001	14000000	13
2	14000001	14100000	7
2	14100001	14200000	11
2	14200001	14300000	16
2	14300001	14400000	7
2	14400001	14500000	3
2	14500001	14600000	6
2	14600001	14700000	3
2	14700001	14800000	2
2	14800001	14900000	2
2	14900001	15000000	10
2	15000001	15100000	6
2	15100001	15200000	9
2	15200001	15300000	5
2	15300001	15400000	10
2	15400001	15500000	19
2	15500001	15600000	16
2	15600001	15700000	20
2	15700001	15800000	16
2	15800001	15900000	8
2	15900001	16000000	11
2	16000001	16100000	8
2	16100001	16200000	11
2	16200001	16300000	8
2	16300001	16400000	14
2	16400001	16500000	14
2	16500001	16600000	11
2	16600001	16700000	12
2	16700001	16800000	11
2	16800001	16900000	8
2	16900001	17000000	10
2	17000001	17100000	9
2	17100001	17200000	11
2	17200001	17300000	12
2	17300001	17400000	11
2	17400001	17500000	12
2	17500001	17600000	11
2	17600001	17700000	5
2	17700001	17800000	8
2	17800001	17900000	12
2	17900001	18000000	17
2	18000001	18100000	9
2	18100001	18200000	10
2	18200001	18300000	19
2	18300001	18400000	11
2	18400001	18500000	10
2	18500001	18600000	14
2	18600001	18700000	5
2	18700001	18800000	10
2	18800001	18900000	18
2	18900001	19000000	17
2	19000001	19100000	13
2	19100001	19200000	9
2	19200001	19300000	15
2	19300001	19400000	15
2	19400001	19500000	15
2	19500001	19600000	10
2	19600001	19700000	17
2	19700001	19800000	18
2	19800001	19900000	11
2	19900001	20000000	8
2	20000001	20100000	10
2	20100001	20200000	17
2	20200001	20300000	1
2	20300001	20400000	4
2	20400001	20500000	7
2	20500001	20600000	8
2	20600001	20700000	8
2	20700001	20800000	15
2	20800001	20900000	15
2	20900001	21000000	14
2	21000001	21100000	19
2	21100001	21200000	15
2	21200001	21300000	7
2	21300001	21400000	13
2	21400001	21500000	26
2	21500001	21600000	16
2	21600001	21700000	6
2	21700001	21800000	7
2	21800001	21900000	7
2	21900001	22000000	23
2	22000001	22100000	22
2	22100001	22200000	20
2	22200001	22300000	14
2	22300001	22400000	18
2	22400001	22500000	23
2	22500001	22600000	16
2	22600001	22700000	16
2	22700001	22800000	9
2	22800001	22900000	19
2	22900001	23000000	23
2	23000001	23100000	9
2	23100001	23200000	19
2	23200001	23300000	16
2	23300001	23400000	7
2	23400001	23500000	19
2	23500001	23600000	30
2	23600001	23700000	14
2	23700001	23800000	23
2	23800001	23900000	20
2	23900001	24000000	17
2	24000001	24100000	17
2	24100001	24200000	18
2	24200001	24300000	18
2	24300001	24400000	9
2	24400001	24500000	8
2	24500001	24600000	14
2	24600001	24700000	15
2	24700001	24800000	21
2	24800001	24900000	11
2	24900001	25000000	16
2	25000001	25100000	2
2	25100001	25200000	22
2	25200001	25300000	12
2	25300001	25400000	12
2	25400001	25500000	31
2	25500001	25600000	20
2	25600001	25700000	19
2	25700001	25800000	10
2	25800001	25900000	13
2	25900001	26000000	16
2	26000001	26100000	15
2	26100001	26200000	9
2	26200001	26300000	15
2	26300001	26400000	18
2	26400001	26500000	20
2	26500001	26600000	18
2	26600001	26700000	17
2	26700001	26800000	20
2	26800001	26900000	7
2	26900001	27000000	17
2	27000001	27100000	24
2	27100001	27200000	23
2	27200001	27300000	12
2	27300001	27400000	20
2	27400001	27500000	10
2	27500001	27600000	8
2	27600001	27700000	18
2	27700001	27800000	16
2	27800001	27900000	8
2	27900001	28000000	15
2	28000001	28100000	7
2	28100001	28200000	12
2	28200001	28300000	27
2	28300001	28400000	12
2	28400001	28500000	8
2	28500001	28600000	24
2	28600001	28700000	17
2	28700001	28800000	18
2	28800001	28900000	16
2	28900001	29000000	23
2	29000001	29100000	18
2	29100001	29200000	13
2	29200001	29300000	16
2	29300001	29400000	14
2	29400001	29500000	16
2	29500001	29600000	20
2	29600001	29700000	17
2	29700001	29800000	22
2	29800001	29900000	26
2	29900001	30000000	16
2	30000001	30100000	22
2	30100001	30200000	18
2	30200001	30300000	15
2	30300001	30400000	24
2	30400001	30500000	22
2	30500001	30600000	21
2	30600001	30700000	13
2	30700001	30800000	17
2	30800001	30900000	9
2	30900001	31000000	17
2	31000001	31100000	13
2	31100001	31200000	15
2	31200001	31300000	17
2	31300001	31400000	7
2	31400001	31500000	21
2	31500001	31600000	21
2	31600001	31700000	16
2	31700001	31800000	26
2	31800001	31900000	9
2	31900001	32000000	26
2	32000001	32100000	28
2	32100001	32200000	14
2	32200001	32300000	18
2	32300001	32400000	19
2	32400001	32500000	15
2	32500001	32600000	22
2	32600001	32700000	24
2	32700001	32800000	13
2	32800001	32900000	18
2	32900001	33000000	21
2	33000001	33100000	10
2	33100001	33200000	23
2	33200001	33300000	11
2	33300001	33400000	19
2	33400001	33500000	17
2	33500001	33600000	17
2	33600001	33700000	13
2	33700001	33800000	27
2	33800001	33900000	17
2	33900001	34000000	17
2	34000001	34100000	19
2	34100001	34200000	27
2	34200001	34300000	21
2	34300001	34400000	21
2	34400001	34500000	10
2	34500001	34600000	17
2	34600001	34700000	13
2	34700001	34800000	11
2	34800001	34900000	16
2	34900001	35000000	33
2	35000001	35100000	25
2	35100001	35200000	27
2	35200001	35300000	34
2	35300001	35400000	20
2	35400001	35500000	21
2	35500001	35600000	27
2	35600001	35700000	20
2	35700001	35800000	23
2	35800001	35900000	23
2	35900001	35930381	6
3	1	100000	11
3	100001	200000	27
3	200001	300000	11
3	300001	400000	25
3	400001	500000	25
3	500001	600000	14
3	600001	700000	26
3	700001	800000	22
3	800001	900000	21
3	900001	1000000	25
3	1000001	1100000	18
3	1100001	1200000	14
3	1200001	1300000	13
3	1300001	1400000	14
3	1400001	1500000	29
3	1500001	1600000	17
3	1600001	1700000	24
3	1700001	1800000	21
3	1800001	1900000	21
3	1900001	2000000	16
3	2000001	2100000	21
3	2100001	2200000	22
3	2200001	2300000	14
3	2300001	2400000	15
3	2400001	2500000	17
3	2500001	2600000	23
3	2600001	2700000	23
3	2700001	2800000	13
3	2800001	2900000	22
3	2900001	3000000	22
3	3000001	3100000	17
3	3100001	3200000	19
3	3200001	3300000	16
3	3300001	3400000	16
3	3400001	3500000	26
3	3500001	3600000	10
3	3600001	3700000	30
3	3700001	3800000	30
3	3800001	3900000	19
3	3900001	4000000	17
3	4000001	4100000	15
3	4100001	4200000	29
3	4200001	4300000	25
3	4300001	4400000	22
3	4400001	4500000	25
3	4500001	4600000	18
3	4600001	4700000	13
3	4700001	4800000	16
3	4800001	4900000	29
3	4900001	5000000	17
3	5000001	5100000	11
3	5100001	5200000	14
3	5200001	5300000	22
3	5300001	5400000	20
3	5400001	5500000	18
3	5500001	5600000	15
3	5600001	5700000	18
3	5700001	5800000	22
3	5800001	5900000	26
3	5900001	6000000	14
3	6000001	6100000	14
3	6100001	6200000	18
3	6200001	6300000	22
3	6300001	6400000	23
3	6400001	6500000	17
3	6500001	6600000	20
3	6600001	6700000	13
3	6700001	6800000	15
3	6800001	6900000	11
3	6900001	7000000	27
3	7000001	7100000	23
3	7100001	7200000	20
3	7200001	7300000	12
3	7300001	7400000	17
3	7400001	7500000	19
3	7500001	7600000	23
3	7600001	7700000	25
3	7700001	7800000	15
3	7800001	7900000	21
3	7900001	8000000	16
3	8000001	8100000	13
3	8100001	8200000	17
3	8200001	8300000	15
3	8300001	8400000	15
3	8400001	8500000	12
3	8500001	8600000	9
3	8600001	8700000	23
3	8700001	8800000	29
3	8800001	8900000	33
3	8900001	9000000	24
3	9000001	9100000	17
3	9100001	9200000	9
3	9200001	9300000	14
3	9300001	9400000	19
3	9400001	9500000	28
3	9500001	9600000	14
3	9600001	9700000	21
3	9700001	9800000	26
3	9800001	9900000	17
3	9900001	10000000	21
3	10000001	10100000	15
3	10100001	10200000	14
3	10200001	10300000	24
3	10300001	10400000	24
3	10400001	10500000	14
3	10500001	10600000	17
3	10600001	10700000	20
3	10700001	10800000	6
3	10800001	10900000	20
3	10900001	11000000	25
3	11000001	11100000	21
3	11100001	11200000	18
3	11200001	11300000	14
3	11300001	11400000	6
3	11400001	11500000	19
3	11500001	11600000	24
3	11600001	11700000	21
3	11700001	11800000	14
3	11800001	11900000	13
3	11900001	12000000	11
3	12000001	12100000	10
3	12100001	12200000	12
3	12200001	12300000	19
3	12300001	12400000	27
3	12400001	12500000	16
3	12500001	12600000	14
3	12600001	12700000	24
3	12700001	12800000	17
3	12800001	12900000	20
3	12900001	13000000	14
3	13000001	13100000	11
3	13100001	13200000	19
3	13200001	13300000	22
3	13300001	13400000	2
3	13400001	13500000	0
3	13500001	13600000	5
3	13600001	13700000	13
3	13700001	13800000	12
3	13800001	13900000	8
3	13900001	14000000	16
3	14000001	14100000	13
3	14100001	14200000	18
3	14200001	14300000	13
3	14300001	14400000	10
3	14400001	14500000	19
3	14500001	14600000	25
3	14600001	14700000	11
3	14700001	14800000	15
3	14800001	14900000	15
3	14900001	15000000	11
3	15000001	15100000	13
3	15100001	15200000	14
3	15200001	15300000	11
3	15300001	15400000	9
3	15400001	15500000	23
3	15500001	15600000	10
3	15600001	15700000	23
3	15700001	15800000	14
3	15800001	15900000	10
3	15900001	16000000	12
3	16000001	16100000	14
3	16100001	16200000	10
3	16200001	16300000	12
3	16300001	16400000	12
3	16400001	16500000	9
3	16500001	16600000	12
3	16600001	16700000	11
3	16700001	16800000	8
3	16800001	16900000	9
3	16900001	17000000	13
3	17000001	17100000	11
3	17100001	17200000	9
3	17200001	17300000	16
3	17300001	17400000	9
3	17400001	17500000	22
3	17500001	17600000	13
3	17600001	17700000	12
3	17700001	17800000	18
3	17800001	17900000	21
3	17900001	18000000	11
3	18000001	18100000	7
3	18100001	18200000	9
3	18200001	18300000	6
3	18300001	18400000	11
3	18400001	18500000	11
3	18500001	18600000	8
3	18600001	18700000	10
3	18700001	18800000	4
3	18800001	18900000	2
3	18900001	19000000	3
3	19000001	19100000	2
3	19100001	19200000	9
3	19200001	19300000	2
3	19300001	19400000	1
3	19400001	19500000	5
3	19500001	19600000	11
3	19600001	19700000	3
3	19700001	19800000	2
3	19800001	19900000	4
3	19900001	20000000	6
3	20000001	20100000	5
3	20100001	20200000	5
3	20200001	20300000	6
3	20300001	20400000	8
3	20400001	20500000	10
3	20500001	20600000	13
3	20600001	20700000	5
3	20700001	20800000	5
3	20800001	20900000	12
3	20900001	21000000	10
3	21000001	21100000	23
3	21100001	21200000	12
3	21200001	21300000	10
3	21300001	21400000	14
3	21400001	21500000	16
3	21500001	21600000	10
3	21600001	21700000	16
3	21700001	21800000	14
3	21800001	21900000	7
3	21900001	22000000	10
3	22000001	22100000	9
3	22100001	22200000	10
3	22200001	22300000	13
3	22300001	22400000	12
3	22400001	22500000	14
3	22500001	22600000	7
3	22600001	22700000	11
3	22700001	22800000	8
3	22800001	22900000	13
3	22900001	23000000	11
3	23000001	23100000	19
3	23100001	23200000	8
3	23200001	23300000	7
3	23300001	23400000	7
3	23400001	23500000	18
3	23500001	23600000	13
3	23600001	23700000	11
3	23700001	23800000	13
3	23800001	23900000	14
3	23900001	24000000	14
3	24000001	24100000	8
3	24100001	24200000	9
3	24200001	24300000	12
3	24300001	24400000	8
3	24400001	24500000	14
3	24500001	24600000	9
3	24600001	24700000	13
3	24700001	24800000	10
3	24800001	24900000	16
3	24900001	25000000	9
3	25000001	25100000	13
3	25100001	25200000	17
3	25200001	25300000	21
3	25300001	25400000	14
3	25400001	25500000	5
3	25500001	25600000	17
3	25600001	25700000	10
3	25700001	25800000	2
3	25800001	25900000	15
3	25900001	26000000	13
3	26000001	26100000	17
3	26100001	26200000	13
3	26200001	26300000	18
3	26300001	26400000	11
3	26400001	26500000	16
3	26500001	26600000	14
3	26600001	26700000	14
3	26700001	26800000	17
3	26800001	26900000	15
3	26900001	27000000	15
3	27000001	27100000	7
3	27100001	27200000	9
3	27200001	27300000	18
3	27300001	27400000	15
3	27400001	27500000	17
3	27500001	27600000	13
3	27600001	27700000	7
3	27700001	27800000	28
3	27800001	27900000	26
3	27900001	28000000	9
3	28000001	28100000	22
3	28100001	28200000	26
3	28200001	28300000	24
3	28300001	28400000	16
3	28400001	28500000	12
3	28500001	28600000	15
3	28600001	28700000	16
3	28700001	28800000	15
3	28800001	28900000	20
3	28900001	29000000	12
3	29000001	29100000	11
3	29100001	29200000	17
3	29200001	29300000	13
3	29300001	29400000	11
3	29400001	29500000	23
3	29500001	29600000	17
3	29600001	29700000	8
3	29700001	29800000	14
3	29800001	29900000	16
3	29900001	30000000	8
3	30000001	30100000	26
3	30100001	30200000	17
3	30200001	30300000	22
3	30300001	30400000	15
3	30400001	30500000	16
3	30500001	30600000	16
3	30600001	30700000	20
3	30700001	30800000	25
3	30800001	30900000	23
3	30900001	31000000	25
3	31000001	31100000	18
3	31100001	31200000	14
3	31200001	31300000	18
3	31300001	31400000	19
3	31400001	31500000	20
3	31500001	31600000	16
3	31600001	31700000	24
3	31700001	31800000	19
3	31800001	31900000	22
3	31900001	32000000	12
3	32000001	32100000	21
3	32100001	32200000	25
3	32200001	32300000	14
3	32300001	32400000	28
3	32400001	32500000	22
3	32500001	32600000	24
3	32600001	32700000	19
3	32700001	32800000	18
3	32800001	32900000	21
3	32900001	33000000	29
3	33000001	33100000	27
3	33100001	33200000	14
3	33200001	33300000	16
3	33300001	33400000	23
3	33400001	33500000	16
3	33500001	33600000	21
3	33600001	33700000	15
3	33700001	33800000	19
3	33800001	33900000	11
3	33900001	34000000	17
3	34000001	34100000	19
3	34100001	34200000	14
3	34200001	34300000	17
3	34300001	34400000	20
3	34400001	34500000	22
3	34500001	34600000	21
3	34600001	34700000	19
3	34700001	34800000	28
3	34800001	34900000	21
3	34900001	35000000	22
3	35000001	35100000	18
3	35100001	35200000	33
3	35200001	35300000	23
3	35300001	35400000	18
3	35400001	35500000	36
3	35500001	35600000	29
3	35600001	35700000	22
3	35700001	35800000	19
3	35800001	35900000	24
3	35900001	36000000	20
3	36000001	36100000	14
3	36100001	36200000	18
3	36200001	36300000	22
3	36300001	36400000	21
3	36400001	36406689	1
4	1	100000	3
4	100001	200000	9
4	200001	300000	13
4	300001	400000	17
4	400001	500000	17
4	500001	600000	12
4	600001	700000	21
4	700001	800000	4
4	800001	900000	8
4	900001	1000000	20
4	1000001	1100000	11
4	1100001	1200000	17
4	1200001	1300000	7
4	1300001	1400000	6
4	1400001	1500000	6
4	1500001	1600000	4
4	1600001	1700000	3
4	1700001	1800000	14
4	1800001	1900000	11
4	1900001	2000000	6
4	2000001	2100000	7
4	2100001	2200000	0
4	2200001	2300000	11
4	2300001	2400000	2
4	2400001	2500000	8
4	2500001	2600000	3
4	2600001	2700000	2
4	2700001	2800000	5
4	2800001	2900000	6
4	2900001	3000000	5
4	3000001	3100000	3
4	3100001	3200000	2
4	3200001	3300000	3
4	3300001	3400000	2
4	3400001	3500000	6
4	3500001	3600000	11
4	3600001	3700000	9
4	3700001	3800000	5
4	3800001	3900000	7
4	3900001	4000000	3
4	4000001	4100000	3
4	4100001	4200000	3
4	4200001	4300000	14
4	4300001	4400000	9
4	4400001	4500000	14
4	4500001	4600000	9
4	4600001	4700000	8
4	4700001	4800000	10
4	4800001	4900000	8
4	4900001	5000000	8
4	5000001	5100000	5
4	5100001	5200000	14
4	5200001	5300000	8
4	5300001	5400000	10
4	5400001	5500000	4
4	5500001	5600000	18
4	5600001	5700000	8
4	5700001	5800000	10
4	5800001	5900000	15
4	5900001	6000000	7
4	6000001	6100000	10
4	6100001	6200000	1
4	6200001	6300000	8
4	6300001	6400000	6
4	6400001	6500000	10
4	6500001	6600000	14
4	6600001	6700000	5
4	6700001	6800000	5
4	6800001	6900000	4
4	6900001	7000000	12
4	7000001	7100000	11
4	7100001	7200000	10
4	7200001	7300000	10
4	7300001	7400000	5
4	7400001	7500000	2
4	7500001	7600000	6
4	7600001	7700000	2
4	7700001	7800000	0
4	7800001	7900000	7
4	7900001	8000000	13
4	8000001	8100000	11
4	8100001	8200000	5
4	8200001	8300000	12
4	8300001	8400000	3
4	8400001	8500000	11
4	8500001	8600000	15
4	8600001	8700000	3
4	8700001	8800000	5
4	8800001	8900000	1
4	8900001	9000000	1
4	9000001	9100000	6
4	9100001	9200000	46
4	9200001	9300000	2
4	9300001	9400000	7
4	9400001	9500000	6
4	9500001	9600000	4
4	9600001	9700000	11
4	9700001	9800000	0
4	9800001	9900000	1
4	9900001	10000000	9
4	10000001	10100000	3
4	10100001	10200000	2
4	10200001	10300000	4
4	10300001	10400000	1
4	10400001	10500000	4
4	10500001	10600000	1
4	10600001	10700000	4
4	10700001	10800000	1
4	10800001	10900000	0
4	10900001	11000000	6
4	11000001	11100000	7
4	11100001	11200000	2
4	11200001	11300000	8
4	11300001	11400000	6
4	11400001	11500000	17
4	11500001	11600000	6
4	11600001	11700000	7
4	11700001	11800000	5
4	11800001	11900000	6
4	11900001	12000000	2
4	12000001	12100000	6
4	12100001	12200000	5
4	12200001	12300000	12
4	12300001	12400000	9
4	12400001	12500000	6
4	12500001	12600000	11
4	12600001	12700000	13
4	12700001	12800000	4
4	12800001	12900000	7
4	12900001	13000000	7
4	13000001	13100000	4
4	13100001	13200000	8
4	13200001	13300000	3
4	13300001	13400000	4
4	13400001	13500000	5
4	13500001	13600000	9
4	13600001	13700000	9
4	13700001	13800000	4
4	13800001	13900000	13
4	13900001	14000000	9
4	14000001	14100000	14
4	14100001	14200000	7
4	14200001	14300000	8
4	14300001	14400000	6
4	14400001	14500000	1
4	14500001	14600000	10
4	14600001	14700000	8
4	14700001	14800000	8
4	14800001	14900000	9
4	14900001	15000000	14
4	15000001	15100000	9
4	15100001	15200000	7
4	15200001	15300000	9
4	15300001	15400000	7
4	15400001	15500000	8
4	15500001	15600000	4
4	15600001	15700000	3
4	15700001	15800000	0
4	15800001	15900000	4
4	15900001	16000000	11
4	16000001	16100000	13
4	16100001	16200000	6
4	16200001	16300000	5
4	16300001	16400000	5
4	16400001	16500000	11
4	16500001	16600000	15
4	16600001	16700000	15
4	16700001	16800000	8
4	16800001	16900000	10
4	16900001	17000000	8
4	17000001	17100000	9
4	17100001	17200000	8
4	17200001	17300000	7
4	17300001	17400000	3
4	17400001	17500000	2
4	17500001	17600000	5
4	17600001	17700000	3
4	17700001	17800000	9
4	17800001	17900000	7
4	17900001	18000000	10
4	18000001	18100000	17
4	18100001	18200000	9
4	18200001	18300000	11
4	18300001	18400000	10
4	18400001	18500000	19
4	18500001	18600000	15
4	18600001	18700000	20
4	18700001	18800000	11
4	18800001	18900000	11
4	18900001	19000000	11
4	19000001	19100000	8
4	19100001	19200000	16
4	19200001	19300000	12
4	19300001	19400000	17
4	19400001	19500000	12
4	19500001	19600000	5
4	19600001	19700000	18
4	19700001	19800000	6
4	19800001	19900000	21
4	19900001	20000000	10
4	20000001	20100000	22
4	20100001	20200000	16
4	20200001	20300000	22
4	20300001	20400000	17
4	20400001	20500000	13
4	20500001	20600000	18
4	20600001	20700000	11
4	20700001	20800000	14
4	20800001	20900000	16
4	20900001	21000000	13
4	21000001	21100000	5
4	21100001	21200000	4
4	21200001	21300000	16
4	21300001	21400000	16
4	21400001	21500000	12
4	21500001	21600000	12
4	21600001	21700000	19
4	21700001	21800000	15
4	21800001	21900000	15
4	21900001	22000000	10
4	22000001	22100000	14
4	22100001	22200000	10
4	22200001	22300000	22
4	22300001	22400000	28
4	22400001	22500000	15
4	22500001	22600000	15
4	22600001	22700000	4
4	22700001	22800000	11
4	22800001	22900000	24
4	22900001	23000000	26
4	23000001	23100000	14
4	23100001	23200000	30
4	23200001	23300000	17
4	23300001	23400000	15
4	23400001	23500000	18
4	23500001	23600000	16
4	23600001	23700000	10
4	23700001	23800000	23
4	23800001	23900000	18
4	23900001	24000000	20
4	24000001	24100000	24
4	24100001	24200000	31
4	24200001	24300000	19
4	24300001	24400000	30
4	24400001	24500000	12
4	24500001	24600000	19
4	24600001	24700000	15
4	24700001	24800000	17
4	24800001	24900000	20
4	24900001	25000000	26
4	25000001	25100000	14
4	25100001	25200000	32
4	25200001	25300000	10
4	25300001	25400000	28
4	25400001	25500000	14
4	25500001	25600000	25
4	25600001	25700000	17
4	25700001	25800000	15
4	25800001	25900000	14
4	25900001	26000000	10
4	26000001	26100000	9
4	26100001	26200000	20
4	26200001	26300000	16
4	26300001	26400000	28
4	26400001	26500000	11
4	26500001	26600000	30
4	26600001	26700000	22
4	26700001	26800000	18
4	26800001	26900000	4
4	26900001	27000000	17
4	27000001	27100000	11
4	27100001	27200000	11
4	27200001	27300000	21
4	27300001	27400000	16
4	27400001	27500000	17
4	27500001	27600000	19
4	27600001	27700000	18
4	27700001	27800000	26
4	27800001	27900000	21
4	27900001	28000000	9
4	28000001	28100000	20
4	28100001	28200000	23
4	28200001	28300000	15
4	28300001	28400000	8
4	28400001	28500000	16
4	28500001	28600000	15
4	28600001	28700000	8
4	28700001	28800000	17
4	28800001	28900000	17
4	28900001	29000000	10
4	29000001	29100000	13
4	29100001	29200000	23
4	29200001	29300000	9
4	29300001	29400000	9
4	29400001	29500000	14
4	29500001	29600000	26
4	29600001	29700000	15
4	29700001	29800000	9
4	29800001	29900000	17
4	29900001	30000000	14
4	30000001	30100000	19
4	30100001	30200000	15
4	30200001	30300000	17
4	30300001	30400000	16
4	30400001	30500000	21
4	30500001	30600000	14
4	30600001	30700000	18
4	30700001	30800000	17
4	30800001	30900000	13
4	30900001	31000000	9
4	31000001	31100000	21
4	31100001	31200000	15
4	31200001	31300000	18
4	31300001	31400000	19
4	31400001	31500000	20
4	31500001	31600000	15
4	31600001	31700000	22
4	31700001	31800000	18
4	31800001	31900000	22
4	31900001	32000000	16
4	32000001	32100000	15
4	32100001	32200000	15
4	32200001	32300000	19
4	32300001	32400000	20
4	32400001	32500000	21
4	32500001	32600000	12
4	32600001	32700000	16
4	32700001	32800000	19
4	32800001	32900000	18
4	32900001	33000000	10
4	33000001	33100000	12
4	33100001	33200000	19
4	33200001	33300000	9
4	33300001	33400000	20
4	33400001	33500000	16
4	33500001	33600000	17
4	33600001	33700000	20
4	33700001	33800000	20
4	33800001	33900000	20
4	33900001	34000000	22
4	34000001	34100000	31
4	34100001	34200000	23
4	34200001	34300000	24
4	34300001	34400000	18
4	34400001	34500000	20
4	34500001	34600000	18
4	34600001	34700000	24
4	34700001	34800000	21
4	34800001	34900000	25
4	34900001	35000000	22
4	35000001	35100000	16
4	35100001	35200000	15
4	35200001	35278225	9
5	1	100000	25
5	100001	200000	26
5	200001	300000	23
5	300001	400000	18
5	400001	500000	20
5	500001	600000	23
5	600001	700000	16
5	700001	800000	19
5	800001	900000	24
5	900001	1000000	20
5	1000001	1100000	15
5	1100001	1200000	17
5	1200001	1300000	12
5	1300001	1400000	10
5	1400001	1500000	21
5	1500001	1600000	10
5	1600001	1700000	11
5	1700001	1800000	15
5	1800001	1900000	21
5	1900001	2000000	13
5	2000001	2100000	13
5	2100001	2200000	11
5	2200001	2300000	12
5	2300001	2400000	15
5	2400001	2500000	14
5	2500001	2600000	14
5	2600001	2700000	14
5	2700001	2800000	26
5	2800001	2900000	18
5	2900001	3000000	12
5	3000001	3100000	15
5	3100001	3200000	9
5	3200001	3300000	18
5	3300001	3400000	17
5	3400001	3500000	17
5	3500001	3600000	13
5	3600001	3700000	18
5	3700001	3800000	20
5	3800001	3900000	15
5	3900001	4000000	6
5	4000001	4100000	6
5	4100001	4200000	20
5	4200001	4300000	13
5	4300001	4400000	12
5	4400001	4500000	8
5	4500001	4600000	15
5	4600001	4700000	19
5	4700001	4800000	14
5	4800001	4900000	15
5	4900001	5000000	17
5	5000001	5100000	3
5	5100001	5200000	6
5	5200001	5300000	17
5	5300001	5400000	14
5	5400001	5500000	17
5	5500001	5600000	6
5	5600001	5700000	17
5	5700001	5800000	15
5	5800001	5900000	4
5	5900001	6000000	19
5	6000001	6100000	7
5	6100001	6200000	8
5	6200001	6300000	11
5	6300001	6400000	13
5	6400001	6500000	11
5	6500001	6600000	15
5	6600001	6700000	14
5	6700001	6800000	11
5	6800001	6900000	12
5	6900001	7000000	20
5	7000001	7100000	10
5	7100001	7200000	15
5	7200001	7300000	14
5	7300001	7400000	8
5	7400001	7500000	14
5	7500001	7600000	12
5	7600001	7700000	10
5	7700001	7800000	8
5	7800001	7900000	9
5	7900001	8000000	10
5	8000001	8100000	11
5	8100001	8200000	5
5	8200001	8300000	1
5	8300001	8400000	12
5	8400001	8500000	15
5	8500001	8600000	13
5	8600001	8700000	18
5	8700001	8800000	5
5	8800001	8900000	11
5	8900001	9000000	10
5	9000001	9100000	7
5	9100001	9200000	11
5	9200001	9300000	5
5	9300001	9400000	6
5	9400001	9500000	8
5	9500001	9600000	8
5	9600001	9700000	6
5	9700001	9800000	1
5	9800001	9900000	0
5	9900001	10000000	2
5	10000001	10100000	0
5	10100001	10200000	8
5	10200001	10300000	3
5	10300001	10400000	1
5	10400001	10500000	3
5	10500001	10600000	7
5	10600001	10700000	1
5	10700001	10800000	9
5	10800001	10900000	11
5	10900001	11000000	7
5	11000001	11100000	11
5	11100001	11200000	2
5	11200001	11300000	8
5	11300001	11400000	12
5	11400001	11500000	8
5	11500001	11600000	0
5	11600001	11700000	12
5	11700001	11800000	7
5	11800001	11900000	1
5	11900001	12000000	3
5	12000001	12100000	3
5	12100001	12200000	0
5	12200001	12300000	5
5	12300001	12400000	2
5	12400001	12500000	5
5	12500001	12600000	1
5	12600001	12700000	9
5	12700001	12800000	0
5	12800001	12900000	12
5	12900001	13000000	8
5	13000001	13100000	8
5	13100001	13200000	5
5	13200001	13300000	8
5	13300001	13400000	9
5	13400001	13500000	15
5	13500001	13600000	13
5	13600001	13700000	7
5	13700001	13800000	11
5	13800001	13900000	7
5	13900001	14000000	4
5	14000001	14100000	6
5	14100001	14200000	16
5	14200001	14300000	4
5	14300001	14400000	4
5	14400001	14500000	17
5	14500001	14600000	7
5	14600001	14700000	9
5	14700001	14800000	11
5	14800001	14900000	15
5	14900001	15000000	8
5	15000001	15100000	22
5	15100001	15200000	9
5	15200001	15300000	8
5	15300001	15400000	7
5	15400001	15500000	5
5	15500001	15600000	12
5	15600001	15700000	11
5	15700001	15800000	6
5	15800001	15900000	8
5	15900001	16000000	4
5	16000001	16100000	11
5	16100001	16200000	8
5	16200001	16300000	17
5	16300001	16400000	11
5	16400001	16500000	11
5	16500001	16600000	11
5	16600001	16700000	17
5	16700001	16800000	7
5	16800001	16900000	12
5	16900001	17000000	20
5	17000001	17100000	9
5	17100001	17200000	8
5	17200001	17300000	17
5	17300001	17400000	13
5	17400001	17500000	6
5	17500001	17600000	16
5	17600001	17700000	18
5	17700001	17800000	15
5	17800001	17900000	17
5	17900001	18000000	18
5	18000001	18100000	12
5	18100001	18200000	14
5	18200001	18300000	7
5	18300001	18400000	11
5	18400001	18500000	12
5	18500001	18600000	15
5	18600001	18700000	5
5	18700001	18800000	18
5	18800001	18900000	14
5	18900001	19000000	11
5	19000001	19100000	10
5	19100001	19200000	14
5	19200001	19300000	15
5	19300001	19400000	17
5	19400001	19500000	19
5	19500001	19600000	8
5	19600001	19700000	15
5	19700001	19800000	20
5	19800001	19900000	9
5	19900001	20000000	12
5	20000001	20100000	10
5	20100001	20200000	11
5	20200001	20300000	13
5	20300001	20400000	10
5	20400001	20500000	17
5	20500001	20600000	17
5	20600001	20700000	15
5	20700001	20800000	20
5	20800001	20900000	17
5	20900001	21000000	21
5	21000001	21100000	14
5	21100001	21200000	18
5	21200001	21300000	22
5	21300001	21400000	15
5	21400001	21500000	23
5	21500001	21600000	21
5	21600001	21700000	18
5	21700001	21800000	19
5	21800001	21900000	11
5	21900001	22000000	15
5	22000001	22100000	12
5	22100001	22200000	13
5	22200001	22300000	18
5	22300001	22400000	19
5	22400001	22500000	26
5	22500001	22600000	19
5	22600001	22700000	20
5	22700001	22800000	21
5	22800001	22900000	12
5	22900001	23000000	25
5	23000001	23100000	11
5	23100001	23200000	13
5	23200001	23300000	16
5	23300001	23400000	9
5	23400001	23500000	18
5	23500001	23600000	16
5	23600001	23700000	28
5	23700001	23800000	18
5	23800001	23900000	20
5	23900001	24000000	16
5	24000001	24100000	22
5	24100001	24200000	22
5	24200001	24300000	16
5	24300001	24400000	19
5	24400001	24500000	11
5	24500001	24600000	23
5	24600001	24700000	17
5	24700001	24800000	13
5	24800001	24900000	6
5	24900001	25000000	4
5	25000001	25100000	11
5	25100001	25200000	12
5	25200001	25300000	18
5	25300001	25400000	18
5	25400001	25500000	18
5	25500001	25600000	14
5	25600001	25700000	24
5	25700001	25800000	18
5	25800001	25900000	11
5	25900001	26000000	20
5	26000001	26100000	15
5	26100001	26200000	22
5	26200001	26300000	22
5	26300001	26400000	24
5	26400001	26500000	17
5	26500001	26600000	20
5	26600001	26700000	12
5	26700001	26800000	17
5	26800001	26900000	27
5	26900001	27000000	34
5	27000001	27100000	12
5	27100001	27200000	21
5	27200001	27300000	19
5	27300001	27400000	11
5	27400001	27500000	17
5	27500001	27600000	16
5	27600001	27700000	22
5	27700001	27800000	29
5	27800001	27900000	22
5	27900001	28000000	19
5	28000001	28100000	24
5	28100001	28200000	18
5	28200001	28300000	25
5	28300001	28400000	23
5	28400001	28500000	17
5	28500001	28600000	16
5	28600001	28700000	26
5	28700001	28800000	22
5	28800001	28900000	18
5	28900001	29000000	13
5	29000001	29100000	18
5	29100001	29200000	15
5	29200001	29300000	23
5	29300001	29400000	25
5	29400001	29500000	19
5	29500001	29600000	22
5	29600001	29700000	23
5	29700001	29800000	13
5	29800001	29894789	0
6	1	100000	1
6	100001	200000	21
6	200001	300000	14
6	300001	400000	18
6	400001	500000	25
6	500001	600000	15
6	600001	700000	22
6	700001	800000	12
6	800001	900000	29
6	900001	1000000	12
6	1000001	1100000	15
6	1100001	1200000	15
6	1200001	1300000	9
6	1300001	1400000	19
6	1400001	1500000	21
6	1500001	1600000	23
6	1600001	1700000	16
6	1700001	1800000	19
6	1800001	1900000	19
6	1900001	2000000	21
6	2000001	2100000	25
6	2100001	2200000	21
6	2200001	2300000	24
6	2300001	2400000	17
6	2400001	2500000	19
6	2500001	2600000	30
6	2600001	2700000	17
6	2700001	2800000	27
6	2800001	2900000	26
6	2900001	3000000	21
6	3000001	3100000	17
6	3100001	3200000	23
6	3200001	3300000	12
6	3300001	3400000	18
6	3400001	3500000	18
6	3500001	3600000	15
6	3600001	3700000	12
6	3700001	3800000	13
6	3800001	3900000	23
6	3900001	4000000	19
6	4000001	4100000	13
6	4100001	4200000	6
6	4200001	4300000	17
6	4300001	4400000	18
6	4400001	4500000	24
6	4500001	4600000	15
6	4600001	4700000	22
6	4700001	4800000	19
6	4800001	4900000	11
6	4900001	5000000	11
6	5000001	5100000	25
6	5100001	5200000	15
6	5200001	5300000	19
6	5300001	5400000	16
6	5400001	5500000	10
6	5500001	5600000	11
6	5600001	5700000	19
6	5700001	5800000	15
6	5800001	5900000	18
6	5900001	6000000	14
6	6000001	6100000	10
6	6100001	6200000	16
6	6200001	6300000	15
6	6300001	6400000	11
6	6400001	6500000	21
6	6500001	6600000	20
6	6600001	6700000	10
6	6700001	6800000	17
6	6800001	6900000	12
6	6900001	7000000	15
6	7000001	7100000	16
6	7100001	7200000	17
6	7200001	7300000	16
6	7300001	7400000	11
6	7400001	7500000	16
6	7500001	7600000	14
6	7600001	7700000	16
6	7700001	7800000	13
6	7800001	7900000	7
6	7900001	8000000	16
6	8000001	8100000	9
6	8100001	8200000	17
6	8200001	8300000	9
6	8300001	8400000	7
6	8400001	8500000	5
6	8500001	8600000	3
6	8600001	8700000	5
6	8700001	8800000	16
6	8800001	8900000	10
6	8900001	9000000	9
6	9000001	9100000	6
6	9100001	9200000	9
6	9200001	9300000	14
6	9300001	9400000	14
6	9400001	9500000	8
6	9500001	9600000	5
6	9600001	9700000	3
6	9700001	9800000	4
6	9800001	9900000	13
6	9900001	10000000	8
6	10000001	10100000	8
6	10100001	10200000	13
6	10200001	10300000	7
6	10300001	10400000	9
6	10400001	10500000	10
6	10500001	10600000	9
6	10600001	10700000	5
6	10700001	10800000	9
6	10800001	10900000	12
6	10900001	11000000	7
6	11000001	11100000	17
6	11100001	11200000	13
6	11200001	11300000	16
6	11300001	11400000	4
6	11400001	11500000	13
6	11500001	11600000	13
6	11600001	11700000	14
6	11700001	11800000	16
6	11800001	11900000	5
6	11900001	12000000	4
6	12000001	12100000	9
6	12100001	12200000	7
6	12200001	12300000	8
6	12300001	12400000	15
6	12400001	12500000	17
6	12500001	12600000	4
6	12600001	12700000	12
6	12700001	12800000	14
6	12800001	12900000	10
6	12900001	13000000	11
6	13000001	13100000	13
6	13100001	13200000	14
6	13200001	13300000	4
6	13300001	13400000	16
6	13400001	13500000	12
6	13500001	13600000	7
6	13600001	13700000	22
6	13700001	13800000	10
6	13800001	13900000	9
6	13900001	14000000	13
6	14000001	14100000	6
6	14100001	14200000	4
6	14200001	14300000	5
6	14300001	14400000	10
6	14400001	14500000	7
6	14500001	14600000	11
6	14600001	14700000	6
6	14700001	14800000	3
6	14800001	14900000	9
6	14900001	15000000	7
6	15000001	15100000	0
6	15100001	15200000	3
6	15200001	15300000	2
6	15300001	15400000	6
6	15400001	15500000	5
6	15500001	15600000	5
6	15600001	15700000	7
6	15700001	15800000	11
6	15800001	15900000	10
6	15900001	16000000	11
6	16000001	16100000	11
6	16100001	16200000	3
6	16200001	16300000	9
6	16300001	16400000	9
6	16400001	16500000	3
6	16500001	16600000	8
6	16600001	16700000	7
6	16700001	16800000	7
6	16800001	16900000	9
6	16900001	17000000	6
6	17000001	17100000	9
6	17100001	17200000	10
6	17200001	17300000	9
6	17300001	17400000	5
6	17400001	17500000	8
6	17500001	17600000	16
6	17600001	17700000	8
6	17700001	17800000	8
6	17800001	17900000	18
6	17900001	18000000	11
6	18000001	18100000	10
6	18100001	18200000	5
6	18200001	18300000	5
6	18300001	18400000	1
6	18400001	18500000	1
6	18500001	18600000	3
6	18600001	18700000	1
6	18700001	18800000	6
6	18800001	18900000	8
6	18900001	19000000	7
6	19000001	19100000	6
6	19100001	19200000	7
6	19200001	19300000	7
6	19300001	19400000	6
6	19400001	19500000	15
6	19500001	19600000	14
6	19600001	19700000	12
6	19700001	19800000	9
6	19800001	19900000	10
6	19900001	20000000	8
6	20000001	20100000	14
6	20100001	20200000	11
6	20200001	20300000	11
6	20300001	20400000	9
6	20400001	20500000	8
6	20500001	20600000	5
6	20600001	20700000	7
6	20700001	20800000	10
6	20800001	20900000	13
6	20900001	21000000	15
6	21000001	21100000	10
6	21100001	21200000	6
6	21200001	21300000	13
6	21300001	21400000	13
6	21400001	21500000	10
6	21500001	21600000	4
6	21600001	21700000	12
6	21700001	21800000	9
6	21800001	21900000	8
6	21900001	22000000	10
6	22000001	22100000	10
6	22100001	22200000	10
6	22200001	22300000	11
6	22300001	22400000	16
6	22400001	22500000	3
6	22500001	22600000	9
6	22600001	22700000	8
6	22700001	22800000	11
6	22800001	22900000	10
6	22900001	23000000	10
6	23000001	23100000	14
6	23100001	23200000	13
6	23200001	23300000	11
6	23300001	23400000	10
6	23400001	23500000	13
6	23500001	23600000	23
6	23600001	23700000	12
6	23700001	23800000	10
6	23800001	23900000	15
6	23900001	24000000	9
6	24000001	24100000	13
6	24100001	24200000	9
6	24200001	24300000	26
6	24300001	24400000	17
6	24400001	24500000	9
6	24500001	24600000	9
6	24600001	24700000	6
6	24700001	24800000	10
6	24800001	24900000	15
6	24900001	25000000	17
6	25000001	25100000	18
6	25100001	25200000	14
6	25200001	25300000	14
6	25300001	25400000	8
6	25400001	25500000	9
6	25500001	25600000	14
6	25600001	25700000	10
6	25700001	25800000	17
6	25800001	25900000	10
6	25900001	26000000	12
6	26000001	26100000	10
6	26100001	26200000	15
6	26200001	26300000	18
6	26300001	26400000	16
6	26400001	26500000	18
6	26500001	26600000	13
6	26600001	26700000	18
6	26700001	26800000	12
6	26800001	26900000	10
6	26900001	27000000	11
6	27000001	27100000	10
6	27100001	27200000	9
6	27200001	27300000	24
6	27300001	27400000	17
6	27400001	27500000	21
6	27500001	27600000	8
6	27600001	27700000	15
6	27700001	27800000	20
6	27800001	27900000	12
6	27900001	28000000	17
6	28000001	28100000	11
6	28100001	28200000	20
6	28200001	28300000	15
6	28300001	28400000	11
6	28400001	28500000	32
6	28500001	28600000	19
6	28600001	28700000	23
6	28700001	28800000	18
6	28800001	28900000	18
6	28900001	29000000	26
6	29000001	29100000	12
6	29100001	29200000	17
6	29200001	29300000	8
6	29300001	29400000	11
6	29400001	29500000	16
6	29500001	29600000	14
6	29600001	29700000	12
6	29700001	29800000	26
6	29800001	29900000	19
6	29900001	30000000	27
6	30000001	30100000	24
6	30100001	30200000	16
6	30200001	30300000	12
6	30300001	30400000	17
6	30400001	30500000	16
6	30500001	30600000	18
6	30600001	30700000	18
6	30700001	30800000	16
6	30800001	30900000	26
6	30900001	31000000	19
6	31000001	31100000	19
6	31100001	31200000	21
6	31200001	31246789	9
7	1	100000	19
7	100001	200000	16
7	200001	300000	9
7	300001	400000	16
7	400001	500000	25
7	500001	600000	17
7	600001	700000	19
7	700001	800000	14
7	800001	900000	15
7	900001	1000000	20
7	1000001	1100000	23
7	1100001	1200000	25
7	1200001	1300000	15
7	1300001	1400000	10
7	1400001	1500000	9
7	1500001	1600000	13
7	1600001	1700000	18
7	1700001	1800000	13
7	1800001	1900000	12
7	1900001	2000000	21
7	2000001	2100000	21
7	2100001	2200000	23
7	2200001	2300000	16
7	2300001	2400000	9
7	2400001	2500000	12
7	2500001	2600000	12
7	2600001	2700000	14
7	2700001	2800000	13
7	2800001	2900000	11
7	2900001	3000000	9
7	3000001	3100000	12
7	3100001	3200000	26
7	3200001	3300000	21
7	3300001	3400000	18
7	3400001	3500000	17
7	3500001	3600000	14
7	3600001	3700000	20
7	3700001	3800000	21
7	3800001	3900000	19
7	3900001	4000000	16
7	4000001	4100000	9
7	4100001	4200000	17
7	4200001	4300000	16
7	4300001	4400000	15
7	4400001	4500000	17
7	4500001	4600000	15
7	4600001	4700000	14
7	4700001	4800000	18
7	4800001	4900000	10
7	4900001	5000000	11
7	5000001	5100000	11
7	5100001	5200000	18
7	5200001	5300000	16
7	5300001	5400000	5
7	5400001	5500000	15
7	5500001	5600000	20
7	5600001	5700000	12
7	5700001	5800000	15
7	5800001	5900000	23
7	5900001	6000000	13
7	6000001	6100000	10
7	6100001	6200000	6
7	6200001	6300000	14
7	6300001	6400000	7
7	6400001	6500000	4
7	6500001	6600000	3
7	6600001	6700000	5
7	6700001	6800000	12
7	6800001	6900000	10
7	6900001	7000000	8
7	7000001	7100000	7
7	7100001	7200000	18
7	7200001	7300000	12
7	7300001	7400000	13
7	7400001	7500000	12
7	7500001	7600000	10
7	7600001	7700000	11
7	7700001	7800000	16
7	7800001	7900000	4
7	7900001	8000000	19
7	8000001	8100000	21
7	8100001	8200000	9
7	8200001	8300000	13
7	8300001	8400000	13
7	8400001	8500000	8
7	8500001	8600000	9
7	8600001	8700000	5
7	8700001	8800000	3
7	8800001	8900000	7
7	8900001	9000000	6
7	9000001	9100000	12
7	9100001	9200000	3
7	9200001	9300000	10
7	9300001	9400000	5
7	9400001	9500000	6
7	9500001	9600000	3
7	9600001	9700000	1
7	9700001	9800000	1
7	9800001	9900000	5
7	9900001	10000000	11
7	10000001	10100000	10
7	10100001	10200000	7
7	10200001	10300000	14
7	10300001	10400000	6
7	10400001	10500000	5
7	10500001	10600000	1
7	10600001	10700000	5
7	10700001	10800000	8
7	10800001	10900000	6
7	10900001	11000000	11
7	11000001	11100000	6
7	11100001	11200000	3
7	11200001	11300000	14
7	11300001	11400000	6
7	11400001	11500000	9
7	11500001	11600000	13
7	11600001	11700000	14
7	11700001	11800000	5
7	11800001	11900000	6
7	11900001	12000000	2
7	12000001	12100000	0
7	12100001	12200000	1
7	12200001	12300000	1
7	12300001	12400000	2
7	12400001	12500000	4
7	12500001	12600000	8
7	12600001	12700000	15
7	12700001	12800000	21
7	12800001	12900000	7
7	12900001	13000000	11
7	13000001	13100000	12
7	13100001	13200000	4
7	13200001	13300000	11
7	13300001	13400000	15
7	13400001	13500000	18
7	13500001	13600000	9
7	13600001	13700000	5
7	13700001	13800000	9
7	13800001	13900000	2
7	13900001	14000000	0
7	14000001	14100000	0
7	14100001	14200000	4
7	14200001	14300000	9
7	14300001	14400000	2
7	14400001	14500000	1
7	14500001	14600000	11
7	14600001	14700000	12
7	14700001	14800000	11
7	14800001	14900000	10
7	14900001	15000000	5
7	15000001	15100000	7
7	15100001	15200000	2
7	15200001	15300000	15
7	15300001	15400000	11
7	15400001	15500000	12
7	15500001	15600000	7
7	15600001	15700000	11
7	15700001	15800000	14
7	15800001	15900000	8
7	15900001	16000000	11
7	16000001	16100000	4
7	16100001	16200000	13
7	16200001	16300000	11
7	16300001	16400000	13
7	16400001	16500000	5
7	16500001	16600000	9
7	16600001	16700000	6
7	16700001	16800000	11
7	16800001	16900000	8
7	16900001	17000000	10
7	17000001	17100000	7
7	17100001	17200000	11
7	17200001	17300000	20
7	17300001	17400000	4
7	17400001	17500000	17
7	17500001	17600000	7
7	17600001	17700000	7
7	17700001	17800000	10
7	17800001	17900000	11
7	17900001	18000000	5
7	18000001	18100000	6
7	18100001	18200000	10
7	18200001	18300000	13
7	18300001	18400000	12
7	18400001	18500000	9
7	18500001	18600000	15
7	18600001	18700000	12
7	18700001	18800000	7
7	18800001	18900000	12
7	18900001	19000000	7
7	19000001	19100000	19
7	19100001	19200000	5
7	19200001	19300000	12
7	19300001	19400000	9
7	19400001	19500000	12
7	19500001	19600000	4
7	19600001	19700000	17
7	19700001	19800000	15
7	19800001	19900000	8
7	19900001	20000000	19
7	20000001	20100000	15
7	20100001	20200000	14
7	20200001	20300000	11
7	20300001	20400000	11
7	20400001	20500000	8
7	20500001	20600000	9
7	20600001	20700000	9
7	20700001	20800000	24
7	20800001	20900000	13
7	20900001	21000000	15
7	21000001	21100000	13
7	21100001	21200000	21
7	21200001	21300000	15
7	21300001	21400000	15
7	21400001	21500000	15
7	21500001	21600000	25
7	21600001	21700000	18
7	21700001	21800000	13
7	21800001	21900000	18
7	21900001	22000000	6
7	22000001	22100000	17
7	22100001	22200000	17
7	22200001	22300000	15
7	22300001	22400000	15
7	22400001	22500000	19
7	22500001	22600000	13
7	22600001	22700000	19
7	22700001	22800000	13
7	22800001	22900000	20
7	22900001	23000000	11
7	23000001	23100000	14
7	23100001	23200000	15
7	23200001	23300000	22
7	23300001	23400000	23
7	23400001	23500000	20
7	23500001	23600000	14
7	23600001	23700000	14
7	23700001	23800000	15
7	23800001	23900000	20
7	23900001	24000000	16
7	24000001	24100000	14
7	24100001	24200000	18
7	24200001	24300000	17
7	24300001	24400000	13
7	24400001	24500000	17
7	24500001	24600000	14
7	24600001	24700000	13
7	24700001	24800000	17
7	24800001	24900000	8
7	24900001	25000000	24
7	25000001	25100000	21
7	25100001	25200000	15
7	25200001	25300000	14
7	25300001	25400000	16
7	25400001	25500000	18
7	25500001	25600000	20
7	25600001	25700000	20
7	25700001	25800000	23
7	25800001	25900000	12
7	25900001	26000000	23
7	26000001	26100000	16
7	26100001	26200000	14
7	26200001	26300000	21
7	26300001	26400000	21
7	26400001	26500000	16
7	26500001	26600000	15
7	26600001	26700000	21
7	26700001	26800000	20
7	26800001	26900000	13
7	26900001	27000000	13
7	27000001	27100000	17
7	27100001	27200000	11
7	27200001	27300000	0
7	27300001	27400000	6
7	27400001	27500000	7
7	27500001	27600000	14
7	27600001	27700000	22
7	27700001	27800000	17
7	27800001	27900000	14
7	27900001	28000000	28
7	28000001	28100000	20
7	28100001	28200000	22
7	28200001	28300000	22
7	28300001	28400000	23
7	28400001	28500000	34
7	28500001	28600000	16
7	28600001	28700000	15
7	28700001	28800000	16
7	28800001	28900000	16
7	28900001	29000000	17
7	29000001	29100000	14
7	29100001	29200000	21
7	29200001	29300000	25
7	29300001	29400000	15
7	29400001	29500000	12
7	29500001	29600000	23
7	29600001	29696629	11
8	1	100000	11
8	100001	200000	24
8	200001	300000	21
8	300001	400000	22
8	400001	500000	18
8	500001	600000	13
8	600001	700000	14
8	700001	800000	17
8	800001	900000	6
8	900001	1000000	16
8	1000001	1100000	18
8	1100001	1200000	15
8	1200001	1300000	11
8	1300001	1400000	9
8	1400001	1500000	5
8	1500001	1600000	26
8	1600001	1700000	24
8	1700001	1800000	15
8	1800001	1900000	11
8	1900001	2000000	9
8	2000001	2100000	24
8	2100001	2200000	19
8	2200001	2300000	14
8	2300001	2400000	14
8	2400001	2500000	10
8	2500001	2600000	13
8	2600001	2700000	7
8	2700001	2800000	6
8	2800001	2900000	6
8	2900001	3000000	16
8	3000001	3100000	15
8	3100001	3200000	16
8	3200001	3300000	8
8	3300001	3400000	14
8	3400001	3500000	20
8	3500001	3600000	12
8	3600001	3700000	19
8	3700001	3800000	20
8	3800001	3900000	8
8	3900001	4000000	11
8	4000001	4100000	14
8	4100001	4200000	10
8	4200001	4300000	18
8	4300001	4400000	16
8	4400001	4500000	11
8	4500001	4600000	15
8	4600001	4700000	11
8	4700001	4800000	7
8	4800001	4900000	6
8	4900001	5000000	11
8	5000001	5100000	11
8	5100001	5200000	14
8	5200001	5300000	17
8	5300001	5400000	21
8	5400001	5500000	17
8	5500001	5600000	13
8	5600001	5700000	19
8	5700001	5800000	12
8	5800001	5900000	13
8	5900001	6000000	8
8	6000001	6100000	11
8	6100001	6200000	15
8	6200001	6300000	20
8	6300001	6400000	4
8	6400001	6500000	0
8	6500001	6600000	7
8	6600001	6700000	5
8	6700001	6800000	8
8	6800001	6900000	9
8	6900001	7000000	0
8	7000001	7100000	0
8	7100001	7200000	2
8	7200001	7300000	4
8	7300001	7400000	6
8	7400001	7500000	6
8	7500001	7600000	16
8	7600001	7700000	8
8	7700001	7800000	13
8	7800001	7900000	8
8	7900001	8000000	15
8	8000001	8100000	7
8	8100001	8200000	10
8	8200001	8300000	10
8	8300001	8400000	9
8	8400001	8500000	10
8	8500001	8600000	6
8	8600001	8700000	14
8	8700001	8800000	7
8	8800001	8900000	13
8	8900001	9000000	15
8	9000001	9100000	12
8	9100001	9200000	10
8	9200001	9300000	21
8	9300001	9400000	10
8	9400001	9500000	16
8	9500001	9600000	5
8	9600001	9700000	7
8	9700001	9800000	10
8	9800001	9900000	5
8	9900001	10000000	10
8	10000001	10100000	9
8	10100001	10200000	12
8	10200001	10300000	11
8	10300001	10400000	12
8	10400001	10500000	6
8	10500001	10600000	7
8	10600001	10700000	9
8	10700001	10800000	13
8	10800001	10900000	6
8	10900001	11000000	2
8	11000001	11100000	9
8	11100001	11200000	6
8	11200001	11300000	10
8	11300001	11400000	8
8	11400001	11500000	10
8	11500001	11600000	16
8	11600001	11700000	5
8	11700001	11800000	17
8	11800001	11900000	8
8	11900001	12000000	7
8	12000001	12100000	4
8	12100001	12200000	6
8	12200001	12300000	7
8	12300001	12400000	9
8	12400001	12500000	6
8	12500001	12600000	0
8	12600001	12700000	3
8	12700001	12800000	6
8	12800001	12900000	9
8	12900001	13000000	3
8	13000001	13100000	4
8	13100001	13200000	4
8	13200001	13300000	1
8	13300001	13400000	4
8	13400001	13500000	3
8	13500001	13600000	1
8	13600001	13700000	2
8	13700001	13800000	5
8	13800001	13900000	1
8	13900001	14000000	13
8	14000001	14100000	4
8	14100001	14200000	8
8	14200001	14300000	7
8	14300001	14400000	13
8	14400001	14500000	15
8	14500001	14600000	7
8	14600001	14700000	7
8	14700001	14800000	12
8	14800001	14900000	4
8	14900001	15000000	5
8	15000001	15100000	9
8	15100001	15200000	7
8	15200001	15300000	10
8	15300001	15400000	9
8	15400001	15500000	11
8	15500001	15600000	12
8	15600001	15700000	11
8	15700001	15800000	9
8	15800001	15900000	8
8	15900001	16000000	12
8	16000001	16100000	11
8	16100001	16200000	11
8	16200001	16300000	8
8	16300001	16400000	15
8	16400001	16500000	4
8	16500001	16600000	15
8	16600001	16700000	10
8	16700001	16800000	7
8	16800001	16900000	14
8	16900001	17000000	11
8	17000001	17100000	4
8	17100001	17200000	8
8	17200001	17300000	12
8	17300001	17400000	9
8	17400001	17500000	6
8	17500001	17600000	9
8	17600001	17700000	16
8	17700001	17800000	9
8	17800001	17900000	10
8	17900001	18000000	8
8	18000001	18100000	9
8	18100001	18200000	11
8	18200001	18300000	10
8	18300001	18400000	10
8	18400001	18500000	14
8	18500001	18600000	8
8	18600001	18700000	4
8	18700001	18800000	11
8	18800001	18900000	10
8	18900001	19000000	6
8	19000001	19100000	15
8	19100001	19200000	8
8	19200001	19300000	9
8	19300001	19400000	11
8	19400001	19500000	19
8	19500001	19600000	11
8	19600001	19700000	11
8	19700001	19800000	22
8	19800001	19900000	13
8	19900001	20000000	8
8	20000001	20100000	16
8	20100001	20200000	12
8	20200001	20300000	17
8	20300001	20400000	9
8	20400001	20500000	16
8	20500001	20600000	13
8	20600001	20700000	8
8	20700001	20800000	8
8	20800001	20900000	17
8	20900001	21000000	6
8	21000001	21100000	16
8	21100001	21200000	11
8	21200001	21300000	7
8	21300001	21400000	16
8	21400001	21500000	13
8	21500001	21600000	13
8	21600001	21700000	9
8	21700001	21800000	13
8	21800001	21900000	11
8	21900001	22000000	13
8	22000001	22100000	15
8	22100001	22200000	17
8	22200001	22300000	12
8	22300001	22400000	11
8	22400001	22500000	12
8	22500001	22600000	10
8	22600001	22700000	20
8	22700001	22800000	11
8	22800001	22900000	15
8	22900001	23000000	13
8	23000001	23100000	15
8	23100001	23200000	8
8	23200001	23300000	11
8	23300001	23400000	12
8	23400001	23500000	15
8	23500001	23600000	15
8	23600001	23700000	8
8	23700001	23800000	19
8	23800001	23900000	23
8	23900001	24000000	16
8	24000001	24100000	22
8	24100001	24200000	16
8	24200001	24300000	24
8	24300001	24400000	21
8	24400001	24500000	13
8	24500001	24600000	28
8	24600001	24700000	20
8	24700001	24800000	18
8	24800001	24900000	16
8	24900001	25000000	16
8	25000001	25100000	9
8	25100001	25200000	8
8	25200001	25300000	15
8	25300001	25400000	22
8	25400001	25500000	18
8	25500001	25600000	10
8	25600001	25700000	18
8	25700001	25800000	17
8	25800001	25900000	18
8	25900001	26000000	20
8	26000001	26100000	19
8	26100001	26200000	24
8	26200001	26300000	15
8	26300001	26400000	16
8	26400001	26500000	13
8	26500001	26600000	16
8	26600001	26700000	13
8	26700001	26800000	25
8	26800001	26900000	16
8	26900001	27000000	18
8	27000001	27100000	22
8	27100001	27200000	14
8	27200001	27300000	15
8	27300001	27400000	23
8	27400001	27500000	15
8	27500001	27600000	22
8	27600001	27700000	30
8	27700001	27800000	20
8	27800001	27900000	19
8	27900001	28000000	30
8	28000001	28100000	14
8	28100001	28200000	33
8	28200001	28300000	17
8	28300001	28400000	22
8	28400001	28439308	5
9	1	100000	2
9	100001	200000	3
9	200001	300000	6
9	300001	400000	2
9	400001	500000	19
9	500001	600000	3
9	600001	700000	6
9	700001	800000	3
9	800001	900000	9
9	900001	1000000	19
9	1000001	1100000	12
9	1100001	1200000	6
9	1200001	1300000	10
9	1300001	1400000	6
9	1400001	1500000	6
9	1500001	1600000	5
9	1600001	1700000	3
9	1700001	1800000	10
9	1800001	1900000	6
9	1900001	2000000	5
9	2000001	2100000	4
9	2100001	2200000	7
9	2200001	2300000	13
9	2300001	2400000	12
9	2400001	2500000	5
9	2500001	2600000	15
9	2600001	2700000	7
9	2700001	2800000	3
9	2800001	2900000	0
9	2900001	3000000	2
9	3000001	3100000	3
9	3100001	3200000	9
9	3200001	3300000	3
9	3300001	3400000	7
9	3400001	3500000	8
9	3500001	3600000	5
9	3600001	3700000	9
9	3700001	3800000	16
9	3800001	3900000	11
9	3900001	4000000	12
9	4000001	4100000	3
9	4100001	4200000	6
9	4200001	4300000	11
9	4300001	4400000	11
9	4400001	4500000	13
9	4500001	4600000	9
9	4600001	4700000	5
9	4700001	4800000	6
9	4800001	4900000	1
9	4900001	5000000	10
9	5000001	5100000	10
9	5100001	5200000	13
9	5200001	5300000	1
9	5300001	5400000	6
9	5400001	5500000	6
9	5500001	5600000	10
9	5600001	5700000	6
9	5700001	5800000	9
9	5800001	5900000	16
9	5900001	6000000	11
9	6000001	6100000	9
9	6100001	6200000	8
9	6200001	6300000	12
9	6300001	6400000	9
9	6400001	6500000	8
9	6500001	6600000	9
9	6600001	6700000	5
9	6700001	6800000	4
9	6800001	6900000	3
9	6900001	7000000	7
9	7000001	7100000	7
9	7100001	7200000	12
9	7200001	7300000	19
9	7300001	7400000	9
9	7400001	7500000	5
9	7500001	7600000	5
9	7600001	7700000	4
9	7700001	7800000	7
9	7800001	7900000	5
9	7900001	8000000	9
9	8000001	8100000	3
9	8100001	8200000	15
9	8200001	8300000	3
9	8300001	8400000	5
9	8400001	8500000	1
9	8500001	8600000	10
9	8600001	8700000	16
9	8700001	8800000	4
9	8800001	8900000	2
9	8900001	9000000	4
9	9000001	9100000	3
9	9100001	9200000	3
9	9200001	9300000	6
9	9300001	9400000	13
9	9400001	9500000	17
9	9500001	9600000	15
9	9600001	9700000	17
9	9700001	9800000	10
9	9800001	9900000	12
9	9900001	10000000	13
9	10000001	10100000	8
9	10100001	10200000	10
9	10200001	10300000	11
9	10300001	10400000	9
9	10400001	10500000	11
9	10500001	10600000	6
9	10600001	10700000	7
9	10700001	10800000	17
9	10800001	10900000	13
9	10900001	11000000	12
9	11000001	11100000	7
9	11100001	11200000	3
9	11200001	11300000	10
9	11300001	11400000	9
9	11400001	11500000	8
9	11500001	11600000	7
9	11600001	11700000	7
9	11700001	11800000	9
9	11800001	11900000	16
9	11900001	12000000	20
9	12000001	12100000	9
9	12100001	12200000	13
9	12200001	12300000	12
9	12300001	12400000	14
9	12400001	12500000	21
9	12500001	12600000	18
9	12600001	12700000	12
9	12700001	12800000	12
9	12800001	12900000	17
9	12900001	13000000	10
9	13000001	13100000	6
9	13100001	13200000	15
9	13200001	13300000	6
9	13300001	13400000	3
9	13400001	13500000	7
9	13500001	13600000	16
9	13600001	13700000	8
9	13700001	13800000	9
9	13800001	13900000	13
9	13900001	14000000	15
9	14000001	14100000	16
9	14100001	14200000	8
9	14200001	14300000	10
9	14300001	14400000	18
9	14400001	14500000	9
9	14500001	14600000	12
9	14600001	14700000	24
9	14700001	14800000	7
9	14800001	14900000	16
9	14900001	15000000	13
9	15000001	15100000	8
9	15100001	15200000	10
9	15200001	15300000	14
9	15300001	15400000	16
9	15400001	15500000	18
9	15500001	15600000	14
9	15600001	15700000	8
9	15700001	15800000	7
9	15800001	15900000	8
9	15900001	16000000	18
9	16000001	16100000	15
9	16100001	16200000	10
9	16200001	16300000	12
9	16300001	16400000	15
9	16400001	16500000	16
9	16500001	16600000	15
9	16600001	16700000	16
9	16700001	16800000	15
9	16800001	16900000	30
9	16900001	17000000	27
9	17000001	17100000	16
9	17100001	17200000	12
9	17200001	17300000	7
9	17300001	17400000	22
9	17400001	17500000	18
9	17500001	17600000	16
9	17600001	17700000	10
9	17700001	17800000	19
9	17800001	17900000	12
9	17900001	18000000	16
9	18000001	18100000	15
9	18100001	18200000	17
9	18200001	18300000	21
9	18300001	18400000	21
9	18400001	18500000	18
9	18500001	18600000	16
9	18600001	18700000	21
9	18700001	18800000	23
9	18800001	18900000	19
9	18900001	19000000	20
9	19000001	19100000	16
9	19100001	19200000	21
9	19200001	19300000	22
9	19300001	19400000	14
9	19400001	19500000	28
9	19500001	19600000	22
9	19600001	19700000	23
9	19700001	19800000	18
9	19800001	19900000	13
9	19900001	20000000	26
9	20000001	20100000	33
9	20100001	20200000	21
9	20200001	20300000	16
9	20300001	20400000	22
9	20400001	20500000	11
9	20500001	20600000	20
9	20600001	20700000	18
9	20700001	20800000	20
9	20800001	20900000	15
9	20900001	21000000	21
9	21000001	21100000	17
9	21100001	21200000	19
9	21200001	21300000	20
9	21300001	21400000	21
9	21400001	21500000	8
9	21500001	21600000	26
9	21600001	21700000	19
9	21700001	21800000	18
9	21800001	21900000	13
9	21900001	22000000	20
9	22000001	22100000	15
9	22100001	22200000	29
9	22200001	22300000	32
9	22300001	22400000	18
9	22400001	22500000	15
9	22500001	22600000	13
9	22600001	22700000	26
9	22700001	22800000	28
9	22800001	22900000	17
9	22900001	23000000	10
9	23000001	23011239	0
10	1	100000	8
10	100001	200000	7
10	200001	300000	9
10	300001	400000	9
10	400001	500000	14
10	500001	600000	8
10	600001	700000	9
10	700001	800000	10
10	800001	900000	14
10	900001	1000000	11
10	1000001	1100000	14
10	1100001	1200000	11
10	1200001	1300000	4
10	1300001	1400000	7
10	1400001	1500000	11
10	1500001	1600000	18
10	1600001	1700000	10
10	1700001	1800000	21
10	1800001	1900000	8
10	1900001	2000000	6
10	2000001	2100000	9
10	2100001	2200000	19
10	2200001	2300000	17
10	2300001	2400000	10
10	2400001	2500000	16
10	2500001	2600000	17
10	2600001	2700000	12
10	2700001	2800000	14
10	2800001	2900000	12
10	2900001	3000000	15
10	3000001	3100000	11
10	3100001	3200000	6
10	3200001	3300000	0
10	3300001	3400000	7
10	3400001	3500000	10
10	3500001	3600000	10
10	3600001	3700000	10
10	3700001	3800000	10
10	3800001	3900000	6
10	3900001	4000000	11
10	4000001	4100000	7
10	4100001	4200000	3
10	4200001	4300000	12
10	4300001	4400000	7
10	4400001	4500000	5
10	4500001	4600000	4
10	4600001	4700000	16
10	4700001	4800000	14
10	4800001	4900000	10
10	4900001	5000000	11
10	5000001	5100000	3
10	5100001	5200000	5
10	5200001	5300000	11
10	5300001	5400000	12
10	5400001	5500000	9
10	5500001	5600000	16
10	5600001	5700000	11
10	5700001	5800000	9
10	5800001	5900000	8
10	5900001	6000000	8
10	6000001	6100000	9
10	6100001	6200000	7
10	6200001	6300000	12
10	6300001	6400000	4
10	6400001	6500000	8
10	6500001	6600000	9
10	6600001	6700000	3
10	6700001	6800000	5
10	6800001	6900000	7
10	6900001	7000000	3
10	7000001	7100000	2
10	7100001	7200000	1
10	7200001	7300000	5
10	7300001	7400000	9
10	7400001	7500000	8
10	7500001	7600000	10
10	7600001	7700000	17
10	7700001	7800000	6
10	7800001	7900000	6
10	7900001	8000000	11
10	8000001	8100000	3
10	8100001	8200000	3
10	8200001	8300000	4
10	8300001	8400000	1
10	8400001	8500000	5
10	8500001	8600000	6
10	8600001	8700000	3
10	8700001	8800000	3
10	8800001	8900000	4
10	8900001	9000000	11
10	9000001	9100000	9
10	9100001	9200000	8
10	9200001	9300000	6
10	9300001	9400000	18
10	9400001	9500000	0
10	9500001	9600000	7
10	9600001	9700000	9
10	9700001	9800000	9
10	9800001	9900000	12
10	9900001	10000000	11
10	10000001	10100000	8
10	10100001	10200000	9
10	10200001	10300000	14
10	10300001	10400000	13
10	10400001	10500000	8
10	10500001	10600000	12
10	10600001	10700000	8
10	10700001	10800000	7
10	10800001	10900000	44
10	10900001	11000000	14
10	11000001	11100000	16
10	11100001	11200000	9
10	11200001	11300000	8
10	11300001	11400000	10
10	11400001	11500000	10
10	11500001	11600000	14
10	11600001	11700000	14
10	11700001	11800000	11
10	11800001	11900000	19
10	11900001	12000000	15
10	12000001	12100000	15
10	12100001	12200000	10
10	12200001	12300000	9
10	12300001	12400000	12
10	12400001	12500000	3
10	12500001	12600000	1
10	12600001	12700000	1
10	12700001	12800000	8
10	12800001	12900000	10
10	12900001	13000000	9
10	13000001	13100000	14
10	13100001	13200000	11
10	13200001	13300000	20
10	13300001	13400000	12
10	13400001	13500000	12
10	13500001	13600000	18
10	13600001	13700000	3
10	13700001	13800000	12
10	13800001	13900000	13
10	13900001	14000000	14
10	14000001	14100000	5
10	14100001	14200000	2
10	14200001	14300000	13
10	14300001	14400000	16
10	14400001	14500000	19
10	14500001	14600000	13
10	14600001	14700000	12
10	14700001	14800000	23
10	14800001	14900000	16
10	14900001	15000000	12
10	15000001	15100000	11
10	15100001	15200000	16
10	15200001	15300000	21
10	15300001	15400000	16
10	15400001	15500000	17
10	15500001	15600000	11
10	15600001	15700000	18
10	15700001	15800000	14
10	15800001	15900000	13
10	15900001	16000000	14
10	16000001	16100000	12
10	16100001	16200000	13
10	16200001	16300000	11
10	16300001	16400000	4
10	16400001	16500000	5
10	16500001	16600000	12
10	16600001	16700000	15
10	16700001	16800000	11
10	16800001	16900000	11
10	16900001	17000000	11
10	17000001	17100000	15
10	17100001	17200000	28
10	17200001	17300000	14
10	17300001	17400000	12
10	17400001	17500000	13
10	17500001	17600000	8
10	17600001	17700000	12
10	17700001	17800000	19
10	17800001	17900000	5
10	17900001	18000000	17
10	18000001	18100000	12
10	18100001	18200000	11
10	18200001	18300000	16
10	18300001	18400000	14
10	18400001	18500000	21
10	18500001	18600000	16
10	18600001	18700000	19
10	18700001	18800000	21
10	18800001	18900000	20
10	18900001	19000000	17
10	19000001	19100000	27
10	19100001	19200000	19
10	19200001	19300000	16
10	19300001	19400000	17
10	19400001	19500000	11
10	19500001	19600000	17
10	19600001	19700000	20
10	19700001	19800000	8
10	19800001	19900000	13
10	19900001	20000000	11
10	20000001	20100000	19
10	20100001	20200000	22
10	20200001	20300000	20
10	20300001	20400000	14
10	20400001	20500000	26
10	20500001	20600000	11
10	20600001	20700000	20
10	20700001	20800000	23
10	20800001	20900000	18
10	20900001	21000000	16
10	21000001	21100000	17
10	21100001	21200000	23
10	21200001	21300000	19
10	21300001	21400000	20
10	21400001	21500000	34
10	21500001	21600000	10
10	21600001	21700000	18
10	21700001	21800000	14
10	21800001	21900000	11
10	21900001	22000000	19
10	22000001	22100000	16
10	22100001	22200000	21
10	22200001	22300000	24
10	22300001	22400000	8
10	22400001	22500000	25
10	22500001	22600000	28
10	22600001	22700000	15
10	22700001	22800000	20
10	22800001	22900000	9
10	22900001	23000000	15
10	23000001	23100000	31
10	23100001	23134759	7
11	1	100000	22
11	100001	200000	20
11	200001	300000	18
11	300001	400000	21
11	400001	500000	25
11	500001	600000	17
11	600001	700000	25
11	700001	800000	19
11	800001	900000	18
11	900001	1000000	11
11	1000001	1100000	10
11	1100001	1200000	14
11	1200001	1300000	14
11	1300001	1400000	22
11	1400001	1500000	23
11	1500001	1600000	11
11	1600001	1700000	25
11	1700001	1800000	17
11	1800001	1900000	30
11	1900001	2000000	14
11	2000001	2100000	25
11	2100001	2200000	16
11	2200001	2300000	21
11	2300001	2400000	13
11	2400001	2500000	19
11	2500001	2600000	19
11	2600001	2700000	10
11	2700001	2800000	12
11	2800001	2900000	15
11	2900001	3000000	20
11	3000001	3100000	20
11	3100001	3200000	14
11	3200001	3300000	15
11	3300001	3400000	17
11	3400001	3500000	16
11	3500001	3600000	19
11	3600001	3700000	16
11	3700001	3800000	20
11	3800001	3900000	12
11	3900001	4000000	14
11	4000001	4100000	11
11	4100001	4200000	8
11	4200001	4300000	12
11	4300001	4400000	15
11	4400001	4500000	18
11	4500001	4600000	3
11	4600001	4700000	12
11	4700001	4800000	14
11	4800001	4900000	14
11	4900001	5000000	16
11	5000001	5100000	10
11	5100001	5200000	18
11	5200001	5300000	12
11	5300001	5400000	13
11	5400001	5500000	10
11	5500001	5600000	11
11	5600001	5700000	10
11	5700001	5800000	14
11	5800001	5900000	11
11	5900001	6000000	9
11	6000001	6100000	13
11	6100001	6200000	11
11	6200001	6300000	8
11	6300001	6400000	17
11	6400001	6500000	14
11	6500001	6600000	11
11	6600001	6700000	13
11	6700001	6800000	2
11	6800001	6900000	11
11	6900001	7000000	11
11	7000001	7100000	7
11	7100001	7200000	4
11	7200001	7300000	6
11	7300001	7400000	10
11	7400001	7500000	13
11	7500001	7600000	10
11	7600001	7700000	16
11	7700001	7800000	13
11	7800001	7900000	7
11	7900001	8000000	11
11	8000001	8100000	10
11	8100001	8200000	19
11	8200001	8300000	5
11	8300001	8400000	15
11	8400001	8500000	15
11	8500001	8600000	7
11	8600001	8700000	4
11	8700001	8800000	9
11	8800001	8900000	13
11	8900001	9000000	13
11	9000001	9100000	21
11	9100001	9200000	15
11	9200001	9300000	8
11	9300001	9400000	6
11	9400001	9500000	12
11	9500001	9600000	2
11	9600001	9700000	9
11	9700001	9800000	10
11	9800001	9900000	6
11	9900001	10000000	5
11	10000001	10100000	6
11	10100001	10200000	7
11	10200001	10300000	5
11	10300001	10400000	9
11	10400001	10500000	3
11	10500001	10600000	5
11	10600001	10700000	7
11	10700001	10800000	13
11	10800001	10900000	8
11	10900001	11000000	10
11	11000001	11100000	6
11	11100001	11200000	4
11	11200001	11300000	8
11	11300001	11400000	11
11	11400001	11500000	7
11	11500001	11600000	5
11	11600001	11700000	8
11	11700001	11800000	10
11	11800001	11900000	3
11	11900001	12000000	5
11	12000001	12100000	3
11	12100001	12200000	0
11	12200001	12300000	0
11	12300001	12400000	0
11	12400001	12500000	0
11	12500001	12600000	3
11	12600001	12700000	5
11	12700001	12800000	1
11	12800001	12900000	4
11	12900001	13000000	2
11	13000001	13100000	4
11	13100001	13200000	3
11	13200001	13300000	4
11	13300001	13400000	4
11	13400001	13500000	7
11	13500001	13600000	7
11	13600001	13700000	3
11	13700001	13800000	7
11	13800001	13900000	8
11	13900001	14000000	15
11	14000001	14100000	14
11	14100001	14200000	9
11	14200001	14300000	6
11	14300001	14400000	13
11	14400001	14500000	2
11	14500001	14600000	10
11	14600001	14700000	8
11	14700001	14800000	9
11	14800001	14900000	6
11	14900001	15000000	5
11	15000001	15100000	5
11	15100001	15200000	0
11	15200001	15300000	13
11	15300001	15400000	8
11	15400001	15500000	12
11	15500001	15600000	7
11	15600001	15700000	7
11	15700001	15800000	12
11	15800001	15900000	9
11	15900001	16000000	5
11	16000001	16100000	7
11	16100001	16200000	7
11	16200001	16300000	12
11	16300001	16400000	12
11	16400001	16500000	6
11	16500001	16600000	5
11	16600001	16700000	2
11	16700001	16800000	6
11	16800001	16900000	12
11	16900001	17000000	15
11	17000001	17100000	12
11	17100001	17200000	11
11	17200001	17300000	15
11	17300001	17400000	12
11	17400001	17500000	8
11	17500001	17600000	12
11	17600001	17700000	10
11	17700001	17800000	7
11	17800001	17900000	4
11	17900001	18000000	10
11	18000001	18100000	8
11	18100001	18200000	5
11	18200001	18300000	5
11	18300001	18400000	13
11	18400001	18500000	11
11	18500001	18600000	9
11	18600001	18700000	7
11	18700001	18800000	9
11	18800001	18900000	7
11	18900001	19000000	9
11	19000001	19100000	14
11	19100001	19200000	18
11	19200001	19300000	12
11	19300001	19400000	14
11	19400001	19500000	15
11	19500001	19600000	9
11	19600001	19700000	16
11	19700001	19800000	9
11	19800001	19900000	13
11	19900001	20000000	8
11	20000001	20100000	18
11	20100001	20200000	15
11	20200001	20300000	7
11	20300001	20400000	15
11	20400001	20500000	17
11	20500001	20600000	16
11	20600001	20700000	6
11	20700001	20800000	20
11	20800001	20900000	7
11	20900001	21000000	5
11	21000001	21100000	13
11	21100001	21200000	11
11	21200001	21300000	20
11	21300001	21400000	4
11	21400001	21500000	14
11	21500001	21600000	10
11	21600001	21700000	10
11	21700001	21800000	16
11	21800001	21900000	12
11	21900001	22000000	11
11	22000001	22100000	14
11	22100001	22200000	12
11	22200001	22300000	8
11	22300001	22400000	12
11	22400001	22500000	13
11	22500001	22600000	13
11	22600001	22700000	20
11	22700001	22800000	11
11	22800001	22900000	9
11	22900001	23000000	5
11	23000001	23100000	9
11	23100001	23200000	17
11	23200001	23300000	22
11	23300001	23400000	14
11	23400001	23500000	15
11	23500001	23600000	12
11	23600001	23700000	10
11	23700001	23800000	12
11	23800001	23900000	9
11	23900001	24000000	18
11	24000001	24100000	17
11	24100001	24200000	14
11	24200001	24300000	19
11	24300001	24400000	7
11	24400001	24500000	8
11	24500001	24600000	6
11	24600001	24700000	10
11	24700001	24800000	10
11	24800001	24900000	10
11	24900001	25000000	15
11	25000001	25100000	3
11	25100001	25200000	15
11	25200001	25300000	14
11	25300001	25400000	11
11	25400001	25500000	15
11	25500001	25600000	15
11	25600001	25700000	9
11	25700001	25800000	9
11	25800001	25900000	14
11	25900001	26000000	5
11	26000001	26100000	6
11	26100001	26200000	5
11	26200001	26300000	22
11	26300001	26400000	9
11	26400001	26500000	11
11	26500001	26600000	15
11	26600001	26700000	6
11	26700001	26800000	9
11	26800001	26900000	6
11	26900001	27000000	12
11	27000001	27100000	4
11	27100001	27200000	15
11	27200001	27300000	17
11	27300001	27400000	15
11	27400001	27500000	8
11	27500001	27600000	7
11	27600001	27700000	12
11	27700001	27800000	10
11	27800001	27900000	14
11	27900001	28000000	11
11	28000001	28100000	5
11	28100001	28200000	7
11	28200001	28300000	10
11	28300001	28400000	9
11	28400001	28500000	12
11	28500001	28512666	1
12	1	100000	19
12	100001	200000	17
12	200001	300000	14
12	300001	400000	21
12	400001	500000	16
12	500001	600000	19
12	600001	700000	26
12	700001	800000	18
12	800001	900000	23
12	900001	1000000	30
12	1000001	1100000	14
12	1100001	1200000	19
12	1200001	1300000	16
12	1300001	1400000	22
12	1400001	1500000	13
12	1500001	1600000	22
12	1600001	1700000	18
12	1700001	1800000	28
12	1800001	1900000	21
12	1900001	2000000	25
12	2000001	2100000	13
12	2100001	2200000	20
12	2200001	2300000	13
12	2300001	2400000	12
12	2400001	2500000	11
12	2500001	2600000	15
12	2600001	2700000	27
12	2700001	2800000	12
12	2800001	2900000	11
12	2900001	3000000	13
12	3000001	3100000	12
12	3100001	3200000	14
12	3200001	3300000	20
12	3300001	3400000	19
12	3400001	3500000	16
12	3500001	3600000	17
12	3600001	3700000	16
12	3700001	3800000	15
12	3800001	3900000	12
12	3900001	4000000	13
12	4000001	4100000	21
12	4100001	4200000	13
12	4200001	4300000	19
12	4300001	4400000	5
12	4400001	4500000	9
12	4500001	4600000	13
12	4600001	4700000	6
12	4700001	4800000	13
12	4800001	4900000	13
12	4900001	5000000	11
12	5000001	5100000	13
12	5100001	5200000	11
12	5200001	5300000	1
12	5300001	5400000	10
12	5400001	5500000	12
12	5500001	5600000	17
12	5600001	5700000	9
12	5700001	5800000	13
12	5800001	5900000	9
12	5900001	6000000	12
12	6000001	6100000	2
12	6100001	6200000	3
12	6200001	6300000	6
12	6300001	6400000	7
12	6400001	6500000	5
12	6500001	6600000	7
12	6600001	6700000	9
12	6700001	6800000	8
12	6800001	6900000	4
12	6900001	7000000	12
12	7000001	7100000	9
12	7100001	7200000	11
12	7200001	7300000	9
12	7300001	7400000	17
12	7400001	7500000	12
12	7500001	7600000	10
12	7600001	7700000	13
12	7700001	7800000	10
12	7800001	7900000	7
12	7900001	8000000	12
12	8000001	8100000	9
12	8100001	8200000	4
12	8200001	8300000	5
12	8300001	8400000	7
12	8400001	8500000	6
12	8500001	8600000	5
12	8600001	8700000	5
12	8700001	8800000	6
12	8800001	8900000	15
12	8900001	9000000	4
12	9000001	9100000	2
12	9100001	9200000	3
12	9200001	9300000	13
12	9300001	9400000	19
12	9400001	9500000	12
12	9500001	9600000	9
12	9600001	9700000	5
12	9700001	9800000	7
12	9800001	9900000	8
12	9900001	10000000	8
12	10000001	10100000	12
12	10100001	10200000	7
12	10200001	10300000	10
12	10300001	10400000	6
12	10400001	10500000	12
12	10500001	10600000	4
12	10600001	10700000	8
12	10700001	10800000	18
12	10800001	10900000	13
12	10900001	11000000	8
12	11000001	11100000	5
12	11100001	11200000	8
12	11200001	11300000	8
12	11300001	11400000	6
12	11400001	11500000	6
12	11500001	11600000	1
12	11600001	11700000	2
12	11700001	11800000	4
12	11800001	11900000	9
12	11900001	12000000	10
12	12000001	12100000	1
12	12100001	12200000	4
12	12200001	12300000	12
12	12300001	12400000	15
12	12400001	12500000	3
12	12500001	12600000	3
12	12600001	12700000	3
12	12700001	12800000	4
12	12800001	12900000	11
12	12900001	13000000	6
12	13000001	13100000	4
12	13100001	13200000	12
12	13200001	13300000	5
12	13300001	13400000	3
12	13400001	13500000	10
12	13500001	13600000	4
12	13600001	13700000	12
12	13700001	13800000	6
12	13800001	13900000	6
12	13900001	14000000	6
12	14000001	14100000	6
12	14100001	14200000	3
12	14200001	14300000	3
12	14300001	14400000	1
12	14400001	14500000	10
12	14500001	14600000	4
12	14600001	14700000	5
12	14700001	14800000	5
12	14800001	14900000	13
12	14900001	15000000	7
12	15000001	15100000	4
12	15100001	15200000	9
12	15200001	15300000	3
12	15300001	15400000	10
12	15400001	15500000	6
12	15500001	15600000	1
12	15600001	15700000	4
12	15700001	15800000	7
12	15800001	15900000	9
12	15900001	16000000	6
12	16000001	16100000	7
12	16100001	16200000	7
12	16200001	16300000	1
12	16300001	16400000	10
12	16400001	16500000	7
12	16500001	16600000	13
12	16600001	16700000	4
12	16700001	16800000	4
12	16800001	16900000	3
12	16900001	17000000	5
12	17000001	17100000	8
12	17100001	17200000	1
12	17200001	17300000	3
12	17300001	17400000	7
12	17400001	17500000	8
12	17500001	17600000	9
12	17600001	17700000	13
12	17700001	17800000	10
12	17800001	17900000	4
12	17900001	18000000	14
12	18000001	18100000	7
12	18100001	18200000	4
12	18200001	18300000	6
12	18300001	18400000	16
12	18400001	18500000	7
12	18500001	18600000	9
12	18600001	18700000	5
12	18700001	18800000	2
12	18800001	18900000	11
12	18900001	19000000	10
12	19000001	19100000	8
12	19100001	19200000	24
12	19200001	19300000	3
12	19300001	19400000	8
12	19400001	19500000	16
12	19500001	19600000	12
12	19600001	19700000	16
12	19700001	19800000	9
12	19800001	19900000	14
12	19900001	20000000	10
12	20000001	20100000	13
12	20100001	20200000	8
12	20200001	20300000	3
12	20300001	20400000	1
12	20400001	20500000	9
12	20500001	20600000	11
12	20600001	20700000	14
12	20700001	20800000	7
12	20800001	20900000	23
12	20900001	21000000	3
12	21000001	21100000	3
12	21100001	21200000	4
12	21200001	21300000	25
12	21300001	21400000	13
12	21400001	21500000	11
12	21500001	21600000	9
12	21600001	21700000	20
12	21700001	21800000	4
12	21800001	21900000	8
12	21900001	22000000	1
12	22000001	22100000	8
12	22100001	22200000	12
12	22200001	22300000	11
12	22300001	22400000	5
12	22400001	22500000	13
12	22500001	22600000	17
12	22600001	22700000	11
12	22700001	22800000	12
12	22800001	22900000	5
12	22900001	23000000	17
12	23000001	23100000	15
12	23100001	23200000	21
12	23200001	23300000	12
12	23300001	23400000	15
12	23400001	23500000	14
12	23500001	23600000	19
12	23600001	23700000	14
12	23700001	23800000	12
12	23800001	23900000	20
12	23900001	24000000	11
12	24000001	24100000	12
12	24100001	24200000	14
12	24200001	24300000	26
12	24300001	24400000	9
12	24400001	24500000	10
12	24500001	24600000	5
12	24600001	24700000	16
12	24700001	24800000	9
12	24800001	24900000	12
12	24900001	25000000	14
12	25000001	25100000	23
12	25100001	25200000	5
12	25200001	25300000	17
12	25300001	25400000	14
12	25400001	25500000	11
12	25500001	25600000	13
12	25600001	25700000	23
12	25700001	25800000	22
12	25800001	25900000	16
12	25900001	26000000	17
12	26000001	26100000	22
12	26100001	26200000	15
12	26200001	26300000	9
12	26300001	26400000	18
12	26400001	26500000	12
12	26500001	26600000	13
12	26600001	26700000	24
12	26700001	26800000	10
12	26800001	26900000	6
12	26900001	27000000	15
12	27000001	27100000	15
12	27100001	27200000	13
12	27200001	27300000	20
12	27300001	27400000	19
12	27400001	27497214	25
