Chr	start	stop	value
1	0	565000	0.5923
1	565000	599000	0.6701
1	599000	922000	0.6785
1	922000	1075000	0.8528
1	1075000	1147000	0.9223
1	1147000	1221000	0.9085
1	1221000	1320000	1.0836
1	1320000	1506000	1.1619
1	1506000	1553000	1.187
1	1553000	1715000	1.2143
1	1715000	1735000	1.7407
1	1735000	1783000	1.5866
1	1783000	1950000	1.4946
1	1950000	2225000	1.3438
1	2225000	2384000	1.3905
1	2384000	2669000	1.4086
1	2669000	2758000	1.5182
1	2758000	2958000	1.5689
1	2958000	3443000	1.8037
1	3443000	3517000	1.7727
1	3517000	3583000	1.989
1	3583000	3614000	2.1597
1	3614000	3661000	2.6228
1	3661000	3696000	2.9651
1	3696000	4307000	3.3912
1	4307000	4411000	3.8847
1	4411000	4546000	4.1381
1	4546000	4584000	3.9345
1	4584000	4645000	4.0495
1	4645000	4750000	3.4835
1	4750000	4915000	3.6155
1	4915000	5029000	3.7944
1	5029000	5167000	4.0554
1	5167000	5249000	3.4891
1	5249000	5319000	3.2802
1	5319000	5374000	3.6762
1	5374000	5408000	3.8059
1	5408000	5488000	2.8761
1	5488000	5677000	3.0431
1	5677000	5747000	3.1708
1	5747000	5761000	3.0097
1	5761000	5919000	2.7323
1	5919000	6040000	3.1835
1	6040000	6215000	3.0139
1	6215000	6232000	3.0204
1	6232000	6272000	3.9504
1	6272000	6531000	4.1579
1	6531000	6597000	3.4757
1	6597000	6791000	3.4951
1	6791000	7392000	3.3704
1	7392000	8381000	0.1355
1	8381000	8689000	0.0956
1	8689000	8797000	0.1231
1	8797000	9185000	0.1117
1	9185000	9221000	0.1473
1	9221000	9387000	0.1787
1	9387000	9712000	1.5611
1	9712000	9879000	1.7662
1	9879000	10481000	2.3212
1	10481000	10588000	1.9926
1	10588000	10617000	2.0986
1	10617000	10721000	2.3827
1	10721000	10924000	2.2141
1	10924000	10963000	2.1667
1	10963000	11559000	2.4112
1	11559000	12087000	1.3429
1	12087000	12189000	1.0944
1	12189000	12366000	1.2908
1	12366000	12659000	0.4182
1	12659000	12685000	0.4351
1	12685000	12772000	0.6028
1	12772000	13278000	0.3733
1	13278000	13532000	0.4767
1	13532000	13948000	0.4308
1	13948000	14040000	0.4236
1	14040000	14117000	0.4308
1	14117000	14252000	0.5059
1	14252000	14362000	0.4308
1	14362000	14485000	0.4637
1	14485000	14529000	0.5831
1	14529000	14624000	0.5069
1	14624000	15294000	0.6354
1	15294000	15492000	0.7851
1	15492000	17608000	0.6611
1	17608000	18331000	0.5569
1	18331000	18379000	0.4425
1	18379000	18408000	0.4351
1	18408000	18529000	0.4217
1	18529000	18778000	0.5214
1	18778000	19199000	0.7947
1	19199000	19300000	0.6647
1	19300000	19516000	0.9646
1	19516000	19550000	1.0303
1	19550000	19970000	0.9257
1	19970000	20344000	1.0303
1	20344000	20435000	1.346
1	20435000	20463000	1.3612
1	20463000	20478000	1.3597
1	20478000	20557000	1.4551
1	20557000	20923000	1.0636
1	20923000	20941000	1.1589
1	20941000	21185000	1.2241
1	21185000	22023000	1.2968
1	22023000	22536000	0.4265
1	22536000	22576000	0.4441
1	22576000	22651000	0.5702
1	22651000	22723000	0.4945
1	22723000	22779000	0.3725
1	22779000	22836000	0.4062
1	22836000	22891000	0.3526
1	22891000	22988000	0.3492
1	22988000	23081000	0.2963
1	23081000	23231000	0.22
1	23231000	23240000	0.051
1	23240000	23455000	0.0216
1	23455000	23624000	0.0207
1	23624000	23677000	0.0231
1	23677000	23920000	0.1037
1	23920000	23973000	0.0271
1	23973000	24074000	0.0842
1	24074000	24185000	0.0929
1	24185000	24404000	0.1402
1	24404000	24562000	0.5497
1	24562000	24767000	0.4499
1	24767000	24821000	0.4007
1	24821000	24867000	0.5073
1	24867000	25124000	0.588
1	25124000	25451000	1.0371
1	25451000	26243000	1.1467
1	26243000	26832000	0.8326
1	26832000	27324000	0.828
1	27324000	27997000	1.7264
1	27997000	28110000	1.9953
1	28110000	28397000	2.0257
1	28397000	28442000	2.1351
1	28442000	28615000	2.0356
1	28615000	28666000	2.3126
1	28666000	28826000	2.2607
1	28826000	28956000	2.2173
1	28956000	29985000	1.6327
1	29985000	30077000	1.2063
1	30077000	30154000	1.3357
1	30154000	30193000	1.533
1	30193000	30469000	1.2122
1	30469000	30501000	1.4244
1	30501000	30546000	1.4359
1	30546000	30562000	1.3889
1	30562000	30890000	1.3709
1	30890000	30972000	1.3423
1	30972000	31034000	1.3709
1	31034000	31052000	1.4416
1	31052000	31653000	1.3709
1	31653000	31702000	1.5641
1	31702000	31750000	1.6402
1	31750000	31854000	1.6018
1	31854000	31956000	1.3418
1	31956000	32106000	1.4664
1	32106000	32177000	1.7909
1	32177000	32243000	1.9277
1	32243000	32324000	1.5835
1	32324000	32718000	1.4002
1	32718000	32896000	1.5355
1	32896000	33285000	2.2114
1	33285000	33617000	2.0427
1	33617000	33842000	2.3488
1	33842000	34682000	2.5234
1	34682000	34744000	2.7457
1	34744000	34860000	2.4752
1	34860000	35075000	2.3183
1	35075000	35134000	2.5309
1	35134000	35542000	2.7695
1	35542000	35645000	2.578
1	35645000	35774000	2.4333
1	35774000	35965000	2.2781
1	35965000	36270000	1.3881
1	36270000	36538000	1.6468
1	36538000	37332000	1.4117
1	37332000	37623000	1.5079
1	37623000	37835000	1.3742
1	37835000	37860000	1.4933
1	37860000	37960000	1.3801
1	37960000	38075000	1.5439
1	38075000	38201000	1.2422
1	38201000	38343000	1.0051
1	38343000	38367000	0.8136
1	38367000	38418000	0.8699
1	38418000	38631000	0.6149
1	38631000	39021000	0.8659
1	39021000	39109000	0.2007
1	39109000	39351000	0.1739
1	39351000	39782000	0.2285
1	39782000	39820000	0.1191
1	39820000	40119000	0.1484
1	40119000	40470000	0.192
1	40470000	40640000	0.3702
1	40640000	40894000	0.2741
1	40894000	40961000	0.2723
1	40961000	41089000	0.2945
1	41089000	41695000	0.187
1	41695000	41764000	0.1299
1	41764000	41821000	0.2646
1	41821000	41970000	0.1226
1	41970000	42051000	0.0419
1	42051000	42069000	0.0961
1	42069000	42089000	0.1174
1	42089000	42181000	0.1241
1	42181000	42212000	0.0319
1	42212000	42249000	0.019
1	42249000	42315000	0.1201
1	42315000	42374000	0.1368
1	42374000	42422000	0.1543
1	42422000	42782000	0.2324
1	42782000	42883000	0.1294
1	42883000	42929000	0.0948
1	42929000	42957000	0.1007
1	42957000	43065000	0.0966
1	43065000	43269000	0.0048
2	0	106000	0.1984
2	106000	213000	0.2042
2	213000	454000	0.3
2	454000	495000	0.3139
2	495000	568000	0.3455
2	568000	704000	0.3653
2	704000	771000	0.299
2	771000	831000	0.1869
2	831000	841000	0.1637
2	841000	981000	0.1646
2	981000	1147000	0.1087
2	1147000	1197000	0.1139
2	1197000	1236000	0.1337
2	1236000	1311000	0.1593
2	1311000	1487000	0.0373
2	1487000	1646000	0.0452
2	1646000	1848000	0.3702
2	1848000	2095000	0.4723
2	2095000	2105000	0.4304
2	2105000	2571000	0.5038
2	2571000	2647000	0.4597
2	2647000	2789000	0.6486
2	2789000	2828000	0.5534
2	2828000	3150000	0.4952
2	3150000	3227000	0.386
2	3227000	3493000	0.3177
2	3493000	4021000	0.0041
2	4021000	4180000	0.0153
2	4180000	4263000	0.0194
2	4263000	4367000	0.0291
2	4367000	4604000	0.15
2	4604000	4749000	0.0075
2	4749000	4880000	0.0507
2	4880000	4993000	0.0202
2	4993000	5065000	0.0703
2	5065000	5399000	0.202
2	5399000	5897000	0.0563
2	5897000	6087000	0.3049
2	6087000	6236000	0.2451
2	6236000	6387000	0.3019
2	6387000	6823000	0.0465
2	6823000	7029000	0.5821
2	7029000	7068000	1.3037
2	7068000	7267000	1.3114
2	7267000	7364000	1.478
2	7364000	7590000	0.9376
2	7590000	7838000	0.6594
2	7838000	8015000	0.4947
2	8015000	8720000	0.4865
2	8720000	8810000	0.5829
2	8810000	8897000	0.6623
2	8897000	8999000	0.8542
2	8999000	9141000	0.8437
2	9141000	9457000	1.0736
2	9457000	9598000	1.0736
2	9598000	9924000	0.9542
2	9924000	10189000	1.0868
2	10189000	10748000	1.1418
2	10748000	11096000	1.3032
2	11096000	12036000	1.1028
2	12036000	12101000	0.9724
2	12101000	15858000	0.5818
2	15858000	15880000	0.6565
2	15880000	16087000	0.6066
2	16087000	16147000	0.5818
2	16147000	16202000	0.682
2	16202000	16454000	0.941
2	16454000	16549000	1.1147
2	16549000	18065000	0.9686
2	18065000	18126000	0.6773
2	18126000	18461000	0.714
2	18461000	18525000	0.8491
2	18525000	18638000	0.7795
2	18638000	18691000	0.7791
2	18691000	18744000	0.5092
2	18744000	18803000	0.4808
2	18803000	19068000	0.4446
2	19068000	19192000	0.1045
2	19192000	19233000	0.0233
2	19233000	19299000	0.0142
2	19299000	19497000	0.0581
2	19497000	19568000	0.0102
2	19568000	19645000	0.0444
2	19645000	19671000	0.0765
2	19671000	19749000	0.0511
2	19749000	19857000	0.1817
2	19857000	19971000	0.1163
2	19971000	20008000	0.1848
2	20008000	20057000	0.2042
2	20057000	20102000	0.2584
2	20102000	20278000	0.3797
2	20278000	20520000	0.352
2	20520000	20669000	0.4227
2	20669000	28616000	0.1482
2	28616000	28725000	0.1363
2	28725000	29189000	0.1812
2	29189000	29397000	0.2855
2	29397000	29443000	0.2252
2	29443000	29587000	0.2981
2	29587000	29999000	0.2766
2	29999000	30565000	0.1614
2	30565000	30614000	0.246
2	30614000	30760000	0.245
2	30760000	30786000	0.3573
2	30786000	31059000	0.7509
2	31059000	31209000	0.6091
2	31209000	31251000	0.4863
2	31251000	31389000	0.5929
2	31389000	31533000	0.6043
2	31533000	31543000	0.4156
2	31543000	31596000	0.2518
2	31596000	31646000	0.2322
2	31646000	31984000	0.1879
2	31984000	32263000	0.0977
2	32263000	33446000	0.1179
2	33446000	33745000	0.5725
2	33745000	33758000	0.6319
2	33758000	33991000	0.291
2	33991000	34167000	0.0436
2	34167000	34293000	0.0311
2	34293000	34340000	0.055
2	34340000	34387000	0.013
2	34387000	34472000	0.0202
2	34472000	34503000	0.0399
2	34503000	34585000	0.0158
2	34585000	34738000	0.025
2	34738000	34863000	0.0785
2	34863000	34973000	0.0028
2	34973000	35103000	0.0441
2	35103000	35129000	0.0258
2	35129000	35154000	0.0965
2	35154000	35209000	0.1245
2	35209000	35244000	0.1503
2	35244000	35323000	0.3781
2	35323000	35378000	0.2738
2	35378000	35427000	0.0835
2	35427000	35705000	0.0786
2	35705000	35749000	0.2838
2	35749000	35930000	0.3367
3	0	265000	0.2472
3	265000	367000	0.2981
3	367000	529000	0.2837
3	529000	1115000	0.4647
3	1115000	1843000	0.501
3	1843000	1875000	0.5397
3	1875000	2096000	0.4075
3	2096000	2159000	0.5575
3	2159000	2213000	0.6245
3	2213000	2329000	0.1507
3	2329000	2512000	0.1462
3	2512000	2639000	0.1101
3	2639000	2720000	0.1316
3	2720000	3127000	0.0893
3	3127000	3223000	0.1734
3	3223000	3277000	0.255
3	3277000	3342000	0.3144
3	3342000	3481000	0.2787
3	3481000	3781000	0.5352
3	3781000	4586000	0.6604
3	4586000	4894000	0.6725
3	4894000	5515000	0.4404
3	5515000	5621000	0.8027
3	5621000	5868000	1.0998
3	5868000	5942000	0.9931
3	5942000	6040000	0.8163
3	6040000	6596000	0.7359
3	6596000	7877000	0.9989
3	7877000	8534000	1.772
3	8534000	8659000	1.5768
3	8659000	8751000	2.7693
3	8751000	8783000	2.7438
3	8783000	9242000	2.8119
3	9242000	9256000	2.505
3	9256000	9280000	2.6025
3	9280000	9337000	2.7522
3	9337000	9372000	3.0303
3	9372000	9423000	2.9243
3	9423000	9507000	3.0214
3	9507000	9528000	2.9518
3	9528000	9690000	2.9509
3	9690000	9986000	2.7279
3	9986000	10038000	2.2628
3	10038000	10087000	2.3552
3	10087000	10123000	2.4978
3	10123000	10177000	2.7778
3	10177000	10435000	2.6354
3	10435000	10777000	2.0586
3	10777000	10972000	1.9239
3	10972000	11176000	1.8402
3	11176000	11316000	1.9309
3	11316000	12114000	1.2789
3	12114000	12563000	1.5391
3	12563000	12670000	1.7357
3	12670000	12881000	1.5162
3	12881000	12993000	1.4135
3	12993000	13076000	1.5203
3	13076000	13655000	2.2798
3	13655000	13767000	2.741
3	13767000	13900000	3.229
3	13900000	14075000	3.9877
3	14075000	14203000	4.1053
3	14203000	14348000	3.6904
3	14348000	14521000	4.3644
3	14521000	14601000	4.5316
3	14601000	14721000	4.5889
3	14721000	14863000	4.6226
3	14863000	14877000	5.3519
3	14877000	15020000	6.2399
3	15020000	15102000	5.5794
3	15102000	15153000	5.617
3	15153000	15333000	5.5794
3	15333000	15378000	6.0544
3	15378000	15477000	6.52
3	15477000	15584000	7.123
3	15584000	15597000	6.9811
3	15597000	15801000	9.2607
3	15801000	15902000	9.9027
3	15902000	16184000	10.0023
3	16184000	16224000	10.0719
3	16224000	16416000	9.8247
3	16416000	16717000	9.9027
3	16717000	16914000	10.2111
3	16914000	17041000	10.5522
3	17041000	17188000	10.6575
3	17188000	17375000	8.2807
3	17375000	17419000	7.9715
3	17419000	17835000	7.3622
3	17835000	18075000	7.653
3	18075000	18081000	7.5941
3	18081000	21238000	7.653
3	21238000	22491000	7.3011
3	22491000	22620000	6.8593
3	22620000	22754000	6.8798
3	22754000	22884000	7.0332
3	22884000	23482000	8.9226
3	23482000	23569000	8.3146
3	23569000	23664000	8.3477
3	23664000	23803000	8.2037
3	23803000	23872000	7.2801
3	23872000	23969000	7.0338
3	23969000	24067000	7.4151
3	24067000	24421000	6.7225
3	24421000	24471000	4.7796
3	24471000	24666000	5.0632
3	24666000	24679000	4.652
3	24679000	25164000	4.3405
3	25164000	25392000	4.8855
3	25392000	25498000	4.5705
3	25498000	25619000	4.1725
3	25619000	25880000	4.5117
3	25880000	25972000	4.8452
3	25972000	26216000	4.9405
3	26216000	26332000	4.8452
3	26332000	26443000	4.619
3	26443000	26578000	5.0977
3	26578000	26684000	4.3457
3	26684000	26702000	4.5115
3	26702000	26724000	4.4028
3	26724000	26740000	4.3567
3	26740000	26961000	3.9753
3	26961000	27021000	4.1522
3	27021000	27173000	3.939
3	27173000	27242000	3.4798
3	27242000	27430000	3.795
3	27430000	27448000	3.9858
3	27448000	27554000	4.3647
3	27554000	27630000	3.79
3	27630000	27671000	3.2179
3	27671000	27778000	3.1688
3	27778000	27880000	3.178
3	27880000	28102000	3.3813
3	28102000	28192000	3.0842
3	28192000	28242000	2.9705
3	28242000	28264000	3.0842
3	28264000	28415000	3.1367
3	28415000	28482000	3.4645
3	28482000	28511000	3.8227
3	28511000	28598000	5.5563
3	28598000	28623000	5.6999
3	28623000	28663000	5.6849
3	28663000	28759000	5.9329
3	28759000	29001000	6.2289
3	29001000	29175000	5.9195
3	29175000	29220000	5.8988
3	29220000	29304000	5.8633
3	29304000	29434000	5.9223
3	29434000	29522000	5.5209
3	29522000	29587000	6.3256
3	29587000	29614000	6.1092
3	29614000	29647000	5.8593
3	29647000	29797000	6.3389
3	29797000	29854000	6.7372
3	29854000	29946000	5.8946
3	29946000	29981000	5.7809
3	29981000	30209000	5.9753
3	30209000	30273000	6.4334
3	30273000	30308000	6.1506
3	30308000	30327000	6.2517
3	30327000	30338000	5.4673
3	30338000	30404000	5.4759
3	30404000	30527000	5.8561
3	30527000	30626000	6.016
3	30626000	30927000	5.8045
3	30927000	31490000	5.8561
3	31490000	31652000	4.2713
3	31652000	32003000	3.5761
3	32003000	32068000	3.7868
3	32068000	32275000	3.9283
3	32275000	32642000	3.1773
3	32642000	32837000	2.3955
3	32837000	33123000	2.3179
3	33123000	33887000	2.0219
3	33887000	34899000	1.4028
3	34899000	34918000	1.5405
3	34918000	34946000	2.0727
3	34946000	35135000	1.7094
3	35135000	35270000	1.343
3	35270000	35296000	1.3041
3	35296000	35313000	1.3937
3	35313000	35470000	1.2081
3	35470000	35538000	1.2067
3	35538000	35565000	1.1564
3	35565000	35599000	1.3849
3	35599000	35643000	1.4761
3	35643000	35662000	0.6228
3	35662000	35750000	0.6306
3	35750000	35796000	0.631
3	35796000	35950000	0.6814
3	35950000	36085000	0.9442
3	36085000	36177000	1.2302
3	36177000	36407000	1.0021
4	0	150000	0.2404
4	150000	489000	0.4815
4	489000	519000	0.4371
4	519000	562000	0.3178
4	562000	642000	0.3122
4	642000	803000	0.3209
4	803000	1004000	0.3122
4	1004000	1224000	0.3209
4	1224000	1254000	0.2129
4	1254000	1709000	0.2097
4	1709000	1816000	0.2037
4	1816000	2036000	0.1984
4	2036000	2354000	0.2967
4	2354000	2465000	0.4636
4	2465000	2491000	0.3021
4	2491000	2528000	0.3677
4	2528000	2885000	0.3209
4	2885000	3560000	0.4038
4	3560000	3571000	0.5362
4	3571000	3645000	0.5266
4	3645000	3955000	0.5284
4	3955000	4184000	0.3564
4	4184000	4319000	0.3649
4	4319000	4366000	0.3602
4	4366000	4421000	0.3363
4	4421000	4586000	0.4261
4	4586000	4797000	0.4634
4	4797000	4914000	0.4725
4	4914000	5237000	0.4634
4	5237000	5311000	0.3273
4	5311000	5485000	0.1908
4	5485000	5816000	0.3675
4	5816000	6593000	0.4014
4	6593000	6934000	0.3297
4	6934000	7103000	0.1537
4	7103000	7375000	0.2
4	7375000	12713000	0.1433
4	12713000	13227000	0.0209
4	13227000	13338000	0.0658
4	13338000	13616000	0.0839
4	13616000	13939000	0.0367
4	13939000	15075000	0.0743
4	15075000	15662000	0.0719
4	15662000	15763000	0.0076
4	15763000	15876000	0.0233
4	15876000	16553000	0.2968
4	16553000	16694000	0.386
4	16694000	16988000	0.1739
4	16988000	17412000	0.129
4	17412000	17646000	0.026
4	17646000	17912000	0.057
4	17912000	1.8e+07	0.026
4	1.8e+07	18025000	0.0603
4	18025000	18072000	0.026
4	18072000	18225000	0.0202
4	18225000	18384000	0.026
4	18384000	18429000	0.0724
4	18429000	18593000	0.026
4	18593000	18657000	0.0499
4	18657000	18767000	0.074
4	18767000	18948000	0.0414
4	18948000	19106000	0.2807
4	19106000	19155000	0.3975
4	19155000	19273000	0.5072
4	19273000	19326000	0.683
4	19326000	19370000	0.6922
4	19370000	19519000	0.779
4	19519000	19644000	0.9088
4	19644000	19651000	0.7838
4	19651000	20546000	0.7406
4	20546000	20592000	0.6869
4	20592000	20890000	1.1204
4	20890000	21246000	0.7279
4	21246000	21343000	0.595
4	21343000	21368000	0.5619
4	21368000	21461000	0.5481
4	21461000	21615000	0.4185
4	21615000	21694000	0.3117
4	21694000	21776000	0.3202
4	21776000	21825000	0.3772
4	21825000	21840000	0.3656
4	21840000	2.2e+07	0.1022
4	2.2e+07	22168000	0.0143
4	22168000	22260000	0.0604
4	22260000	22425000	0.0796
4	22425000	22821000	0.0165
4	22821000	23060000	0.1249
4	23060000	23102000	0.1301
4	23102000	23157000	0.1375
4	23157000	23316000	0.1346
4	23316000	23659000	0.2024
4	23659000	24030000	0.0079
4	24030000	24066000	0.0364
4	24066000	24378000	0.0295
4	24378000	25543000	0.034
4	25543000	25808000	0.0369
4	25808000	26113000	0.1218
4	26113000	26350000	0.1587
4	26350000	27799000	0.2362
4	27799000	27860000	0.3228
4	27860000	28314000	0.4348
4	28314000	28910000	0.772
4	28910000	29494000	0.6772
4	29494000	29854000	0.2984
4	29854000	29900000	0.2713
4	29900000	29969000	0.268
4	29969000	29988000	0.166
4	29988000	30133000	0.2488
4	30133000	30296000	0.255
4	30296000	30380000	0.1439
4	30380000	30429000	0.4776
4	30429000	30684000	0.3846
4	30684000	30706000	0.392
4	30706000	30913000	0.5994
4	30913000	30983000	0.3878
4	30983000	31142000	0.4083
4	31142000	31203000	0.404
4	31203000	31242000	0.3764
4	31242000	31262000	0.7765
4	31262000	31318000	0.811
4	31318000	31368000	0.7588
4	31368000	31427000	0.7752
4	31427000	31447000	0.9835
4	31447000	31488000	1.0612
4	31488000	31818000	0.9835
4	31818000	31905000	1.0644
4	31905000	31974000	1.1452
4	31974000	32011000	1.2974
4	32011000	32188000	1.2748
4	32188000	32217000	1.2822
4	32217000	32268000	1.2954
4	32268000	32470000	1.1754
4	32470000	32572000	1.1028
4	32572000	33251000	0.7693
4	33251000	33499000	0.9444
4	33499000	34110000	1.1582
4	34110000	34458000	1.5208
4	34458000	34483000	1.451
4	34483000	34747000	1.5441
4	34747000	35278000	1.5612
5	0	290000	3.8339
5	290000	358000	3.0398
5	358000	504000	3.0482
5	504000	536000	2.426
5	536000	663000	2.7799
5	663000	684000	2.9606
5	684000	877000	3.1322
5	877000	952000	2.9549
5	952000	1155000	2.7073
5	1155000	1171000	2.9865
5	1171000	1252000	3.8266
5	1252000	1312000	4.6844
5	1312000	1450000	4.5702
5	1450000	1532000	4.1468
5	1532000	1725000	3.9048
5	1725000	1763000	3.6055
5	1763000	1795000	3.2379
5	1795000	1803000	3.6055
5	1803000	1929000	3.5234
5	1929000	2031000	3.988
5	2031000	2045000	4.5538
5	2045000	2142000	4.1537
5	2142000	2185000	3.5723
5	2185000	2265000	3.5302
5	2265000	2333000	3.2332
5	2333000	2402000	3.3723
5	2402000	2465000	3.2595
5	2465000	2753000	3.3628
5	2753000	2997000	3.2492
5	2997000	3104000	5.1958
5	3104000	3179000	5.3765
5	3179000	3255000	5.3835
5	3255000	3438000	5.4039
5	3438000	3497000	5.4882
5	3497000	3561000	4.6785
5	3561000	3973000	4.9813
5	3973000	4188000	5.0896
5	4188000	4323000	5.5842
5	4323000	4776000	7.1442
5	4776000	5253000	8.505
5	5253000	5376000	9.2742
5	5376000	5651000	6.7066
5	5651000	6002000	6.8187
5	6002000	6214000	6.9372
5	6214000	6511000	6.8213
5	6511000	6734000	6.0304
5	6734000	7014000	5.5461
5	7014000	8268000	4.0582
5	8268000	10351000	2.7168
5	10351000	14364000	3.0784
5	14364000	15007000	3.0774
5	15007000	15840000	2.5148
5	15840000	16106000	2.9716
5	16106000	16192000	2.973
5	16192000	16337000	2.5621
5	16337000	16454000	2.4816
5	16454000	16504000	2.1198
5	16504000	16530000	2.1196
5	16530000	16559000	2.3494
5	16559000	16592000	2.2272
5	16592000	16730000	2.237
5	16730000	16768000	2.2272
5	16768000	16948000	2.063
5	16948000	17117000	1.8746
5	17117000	17378000	2.4885
5	17378000	17914000	2.1548
5	17914000	18095000	2.5097
5	18095000	18350000	2.2321
5	18350000	18416000	1.7294
5	18416000	18532000	1.0529
5	18532000	18908000	1.4272
5	18908000	18970000	1.0215
5	18970000	18984000	0.9247
5	18984000	19060000	0.6323
5	19060000	19212000	0.4441
5	19212000	19443000	0.3109
5	19443000	20062000	0.4855
5	20062000	20141000	0.4455
5	20141000	20402000	0.3813
5	20402000	20670000	0.277
5	20670000	21027000	0.1717
5	21027000	21260000	0.3419
5	21260000	21354000	0.3021
5	21354000	21364000	0.2877
5	21364000	21375000	0.3404
5	21375000	21876000	0.3021
5	21876000	22002000	0.0524
5	22002000	22136000	0.0118
5	22136000	22154000	0.0676
5	22154000	22271000	0.0703
5	22271000	22348000	0.0017
5	22348000	22502000	0.1318
5	22502000	22571000	0.2456
5	22571000	22597000	0.2042
5	22597000	22886000	0.1749
5	22886000	23117000	0.0951
5	23117000	23253000	0.0444
5	23253000	23468000	0.1173
5	23468000	23732000	0.4167
5	23732000	24035000	0.3915
5	24035000	24082000	0.495
5	24082000	24656000	0.8454
5	24656000	25281000	1.0582
5	25281000	25902000	1.4582
5	25902000	26297000	1.5627
5	26297000	26778000	1.47
5	26778000	26864000	1.1958
5	26864000	27017000	1.0576
5	27017000	27181000	1.0345
5	27181000	27233000	0.9323
5	27233000	27299000	0.7673
5	27299000	27381000	0.8123
5	27381000	27520000	0.726
5	27520000	27740000	0.8967
5	27740000	27784000	0.9429
5	27784000	27812000	0.8103
5	27812000	27853000	0.8872
5	27853000	27878000	0.8759
5	27878000	27899000	0.8312
5	27899000	27955000	0.697
5	27955000	28019000	0.5614
5	28019000	28128000	0.6832
5	28128000	28333000	0.7715
5	28333000	28496000	0.757
5	28496000	28586000	0.5924
5	28586000	28616000	0.6253
5	28616000	28799000	0.5845
5	28799000	28889000	0.7983
5	28889000	29389000	0.7524
5	29389000	29895000	0.5743
6	0	271000	0.6378
6	271000	397000	0.691
6	397000	461000	0.7358
6	461000	516000	0.994
6	516000	606000	0.8985
6	606000	640000	0.8347
6	640000	795000	0.9402
6	795000	830000	1.1019
6	830000	1048000	1.1627
6	1048000	1062000	1.1464
6	1062000	1206000	1.1699
6	1206000	1366000	1.1395
6	1366000	1514000	1.4341
6	1514000	1605000	1.3274
6	1605000	1631000	1.6354
6	1631000	1679000	1.5889
6	1679000	1698000	1.3141
6	1698000	1779000	1.3491
6	1779000	1798000	1.3758
6	1798000	1859000	1.5274
6	1859000	1985000	1.6758
6	1985000	2085000	1.5086
6	2085000	2235000	1.6031
6	2235000	2296000	1.4209
6	2296000	2325000	2.0758
6	2325000	2415000	1.9242
6	2415000	2592000	1.9764
6	2592000	2741000	1.8778
6	2741000	2765000	1.8619
6	2765000	2846000	1.8047
6	2846000	2885000	1.6768
6	2885000	2912000	1.2741
6	2912000	2951000	1.1659
6	2951000	3059000	0.9366
6	3059000	3132000	0.6993
6	3132000	3291000	1.1387
6	3291000	3363000	1.0456
6	3363000	3562000	1.1591
6	3562000	3581000	1.2038
6	3581000	3951000	1.1814
6	3951000	4022000	1.2724
6	4022000	4498000	0.4114
6	4498000	4777000	0.2855
6	4777000	4842000	0.2053
6	4842000	4868000	0.3324
6	4868000	5004000	0.2754
6	5004000	5044000	0.3821
6	5044000	5164000	0.2634
6	5164000	5243000	0.2109
6	5243000	5361000	0.1644
6	5361000	5492000	0.5711
6	5492000	5612000	0.4019
6	5612000	6479000	0.0995
6	6479000	6570000	0.306
6	6570000	6650000	0.1678
6	6650000	6764000	0.1374
6	6764000	6782000	0.5375
6	6782000	6927000	0.5949
6	6927000	7091000	0.6263
6	7091000	7116000	0.6852
6	7116000	7175000	0.4179
6	7175000	7216000	0.5667
6	7216000	7317000	0.6721
6	7317000	7638000	0.4915
6	7638000	7699000	0.3534
6	7699000	7806000	0.8671
6	7806000	7915000	0.9524
6	7915000	8263000	1.0378
6	8263000	8318000	1.0219
6	8318000	8392000	1.0378
6	8392000	8453000	0.8613
6	8453000	8764000	0.9089
6	8764000	9117000	0.924
6	9117000	9369000	0.9137
6	9369000	9654000	0.6423
6	9654000	9888000	0.4126
6	9888000	10368000	0.3458
6	10368000	10696000	0.1416
6	10696000	10822000	0.1593
6	10822000	11070000	0.2324
6	11070000	11459000	0.122
6	11459000	12021000	0.2608
6	12021000	12490000	0.3789
6	12490000	13724000	1.5799
6	13724000	13827000	1.3904
6	13827000	15727000	1.3973
6	15727000	15808000	1.3265
6	15808000	16936000	1.3973
6	16936000	18151000	1.3476
6	18151000	19492000	1.0896
6	19492000	19577000	1.0475
6	19577000	19706000	1.0524
6	19706000	19796000	1.0475
6	19796000	19865000	0.8567
6	19865000	20186000	1.0067
6	20186000	20260000	0.8571
6	20260000	20467000	0.3896
6	20467000	20973000	0.3893
6	20973000	21082000	0.3368
6	21082000	21281000	0.3432
6	21281000	21496000	0.5783
6	21496000	21532000	0.5319
6	21532000	21717000	0.5783
6	21717000	22114000	0.5664
6	22114000	22232000	0.5859
6	22232000	22531000	0.6342
6	22531000	22828000	0.4475
6	22828000	23041000	0.5426
6	23041000	23085000	0.6456
6	23085000	23124000	0.7562
6	23124000	23357000	0.7524
6	23357000	23503000	1.0211
6	23503000	23888000	0.9963
6	23888000	23924000	0.8294
6	23924000	24059000	0.6299
6	24059000	24147000	0.5696
6	24147000	24309000	0.5845
6	24309000	24434000	0.5542
6	24434000	24666000	0.5658
6	24666000	24915000	0.9778
6	24915000	25043000	1.1622
6	25043000	25090000	0.9729
6	25090000	25212000	1.3104
6	25212000	25623000	1.486
6	25623000	26268000	0.8194
6	26268000	26419000	1.1297
6	26419000	26849000	1.1619
6	26849000	27796000	1.4225
6	27796000	27919000	1.8153
6	27919000	28020000	1.0607
6	28020000	28436000	0.5612
6	28436000	28466000	0.4519
6	28466000	28479000	0.35
6	28479000	28629000	0.3767
6	28629000	28653000	0.2461
6	28653000	28837000	0.2141
6	28837000	28968000	0.2676
6	28968000	29071000	0.2086
6	29071000	29134000	0.2958
6	29134000	29194000	0.2449
6	29194000	29439000	0.1998
6	29439000	29519000	0.3507
6	29519000	29530000	0.3042
6	29530000	29591000	0.2688
6	29591000	29671000	0.2594
6	29671000	29808000	0.0142
6	29808000	30267000	0.0278
6	30267000	30500000	0.4048
6	30500000	31247000	0.3957
7	0	120000	0.6745
7	120000	154000	0.5773
7	154000	308000	0.6374
7	308000	427000	0.7169
7	427000	441000	0.562
7	441000	636000	0.6664
7	636000	701000	0.5661
7	701000	821000	0.5894
7	821000	908000	0.593
7	908000	919000	0.4937
7	919000	939000	0.6923
7	939000	1190000	0.6719
7	1190000	1302000	0.8399
7	1302000	1744000	1.0173
7	1744000	1834000	0.8568
7	1834000	2111000	0.8562
7	2111000	2170000	1.1235
7	2170000	2225000	1.2041
7	2225000	2235000	1.3567
7	2235000	2318000	1.2541
7	2318000	2817000	0.9801
7	2817000	2954000	0.3934
7	2954000	3283000	0.3061
7	3283000	3786000	0.5398
7	3786000	4007000	0.6635
7	4007000	4972000	0.5889
7	4972000	6027000	0.4777
7	6027000	6056000	0.6178
7	6056000	6719000	0.4877
7	6719000	6962000	0.4943
7	6962000	7128000	0.2616
7	7128000	7153000	0.2759
7	7153000	7203000	0.2616
7	7203000	7265000	0.4559
7	7265000	7595000	0.7229
7	7595000	8407000	1.0366
7	8407000	8756000	0.3689
7	8756000	8933000	0.3948
7	8933000	9342000	0.4464
7	9342000	12799000	0.5371
7	12799000	15412000	0.6387
7	15412000	16157000	0.0056
7	16157000	16606000	0.0364
7	16606000	16614000	0.1961
7	16614000	16665000	0.1775
7	16665000	16963000	0.3764
7	16963000	17338000	0.0725
7	17338000	17389000	0.0291
7	17389000	17525000	0.1182
7	17525000	17691000	0.0546
7	17691000	17757000	0.0998
7	17757000	17883000	0.0344
7	17883000	18147000	0.1091
7	18147000	18358000	0.0448
7	18358000	18805000	0.1216
7	18805000	19259000	9e-04
7	19259000	20113000	0.0891
7	20113000	20208000	0.0787
7	20208000	21154000	0.3198
7	21154000	21296000	0.2126
7	21296000	21643000	0.0035
7	21643000	21910000	0.0947
7	21910000	22010000	0.0207
7	22010000	22311000	0.0469
7	22311000	23189000	0.0092
7	23189000	23825000	0.0351
7	23825000	23846000	0.1733
7	23846000	24393000	0.147
7	24393000	24667000	0.1554
7	24667000	24696000	0.201
7	24696000	24758000	0.2638
7	24758000	25137000	0.8795
7	25137000	25328000	0.8713
7	25328000	25361000	1.2859
7	25361000	25525000	1.2721
7	25525000	25846000	1.7335
7	25846000	25986000	1.4073
7	25986000	26043000	1.4033
7	26043000	26239000	1.1392
7	26239000	26327000	1.2173
7	26327000	26672000	1.2186
7	26672000	26721000	1.2347
7	26721000	26773000	1.4325
7	26773000	26929000	1.4675
7	26929000	27628000	1.2173
7	27628000	28057000	1.8734
7	28057000	28077000	2.001
7	28077000	28152000	2.4355
7	28152000	28411000	2.5353
7	28411000	28556000	2.7362
7	28556000	29697000	2.9015
8	0	453000	0.3112
8	453000	470000	0.2964
8	470000	682000	0.3159
8	682000	722000	0.1811
8	722000	840000	0.2024
8	840000	876000	0.0412
8	876000	1008000	0.0982
8	1008000	1030000	0.1168
8	1030000	1070000	0.1671
8	1070000	1289000	0.108
8	1289000	2468000	0.219
8	2468000	2784000	0.0161
8	2784000	2983000	0.1038
8	2983000	3016000	0.0895
8	3016000	3050000	0.0674
8	3050000	3123000	0.0127
8	3123000	3184000	0.1186
8	3184000	3323000	0.074
8	3323000	3378000	0.2532
8	3378000	3459000	0.3632
8	3459000	3488000	0.4789
8	3488000	3513000	0.3977
8	3513000	3757000	0.5324
8	3757000	3887000	1.0447
8	3887000	3973000	1.0442
8	3973000	4066000	1.0447
8	4066000	4212000	1.1065
8	4212000	4237000	0.9993
8	4237000	4610000	1.2527
8	4610000	4659000	1.2035
8	4659000	4856000	1.2698
8	4856000	4889000	1.4511
8	4889000	5116000	1.2698
8	5116000	5169000	1.1595
8	5169000	5264000	1.2924
8	5264000	5393000	1.2911
8	5393000	5460000	1.5095
8	5460000	5737000	1.3484
8	5737000	5785000	1.6285
8	5785000	5840000	1.6355
8	5840000	5982000	1.3974
8	5982000	6002000	0.8831
8	6002000	6040000	1.0694
8	6040000	6207000	1.0682
8	6207000	6320000	1.2107
8	6320000	6724000	1.5666
8	6724000	7207000	1.4934
8	7207000	7861000	1.2107
8	7861000	8027000	1.0837
8	8027000	8512000	0.9104
8	8512000	8579000	1.0656
8	8579000	8942000	1.2109
8	8942000	8973000	1.4645
8	8973000	8980000	1.3793
8	8980000	9351000	1.4609
8	9351000	10078000	1.5512
8	10078000	10166000	1.4582
8	10166000	10539000	1.8131
8	10539000	14447000	1.9772
8	14447000	15355000	1.8293
8	15355000	16586000	1.8195
8	16586000	16614000	2.0084
8	16614000	16871000	2.053
8	16871000	16898000	1.9482
8	16898000	17386000	2.0084
8	17386000	17417000	1.7929
8	17417000	17428000	1.8687
8	17428000	17577000	1.7929
8	17577000	17893000	2.0514
8	17893000	18282000	2.1228
8	18282000	18412000	2.0001
8	18412000	18509000	2.6603
8	18509000	18781000	2.6775
8	18781000	18832000	2.6936
8	18832000	18868000	2.3939
8	18868000	18939000	1.9427
8	18939000	19194000	2.0554
8	19194000	19449000	1.9675
8	19449000	19692000	1.9552
8	19692000	20099000	2.091
8	20099000	20200000	2.341
8	20200000	20283000	2.2292
8	20283000	20620000	2.4699
8	20620000	20696000	2.0838
8	20696000	20714000	1.9039
8	20714000	20923000	2.0068
8	20923000	21078000	2.0093
8	21078000	21784000	1.512
8	21784000	22772000	1.5285
8	22772000	24402000	0.2134
8	24402000	24426000	0.2029
8	24426000	24922000	0.2275
8	24922000	25333000	0.2269
8	25333000	25478000	0.2478
8	25478000	25506000	0.0769
8	25506000	25625000	0.1144
8	25625000	25765000	0.0681
8	25765000	25900000	0.1221
8	25900000	26106000	0.1892
8	26106000	26149000	0.276
8	26149000	26252000	0.1767
8	26252000	26291000	0.1933
8	26291000	26324000	0.0686
8	26324000	26355000	0.0517
8	26355000	26439000	0.0146
8	26439000	26518000	0.0092
8	26518000	26594000	0.0748
8	26594000	26727000	0.0092
8	26727000	26858000	0.06
8	26858000	26976000	0.1385
8	26976000	27162000	0.1204
8	27162000	27321000	0.0341
8	27321000	27544000	0.1729
8	27544000	27582000	0.3409
8	27582000	27824000	0.146
8	27824000	27935000	0.204
8	27935000	28118000	0.1408
8	28118000	28439000	0.105
9	0	134000	0.0787
9	134000	599000	0.0703
9	599000	653000	0.0654
9	653000	897000	0.0703
9	897000	941000	0.0291
9	941000	1318000	0.1163
9	1318000	2021000	0.0419
9	2021000	2333000	0.0162
9	2333000	4352000	0.0419
9	4352000	5173000	0.0554
9	5173000	5630000	0.0507
9	5630000	6015000	0.0201
9	6015000	6066000	0.0158
9	6066000	6118000	0.0554
9	6118000	6586000	0.0029
9	6586000	6604000	0.0559
9	6604000	6747000	0.0071
9	6747000	6900000	0.0126
9	6900000	6936000	0.1193
9	6936000	7089000	0.0399
9	7089000	7138000	0.1212
9	7138000	7752000	0.1576
9	7752000	7827000	0.0633
9	7827000	7960000	0.1615
9	7960000	8001000	0.0774
9	8001000	8159000	0.2922
9	8159000	8513000	0.223
9	8513000	8618000	0.2922
9	8618000	8725000	0.365
9	8725000	8960000	0.2679
9	8960000	8987000	0.341
9	8987000	9368000	0.2248
9	9368000	9519000	0.2879
9	9519000	9643000	0.3027
9	9643000	9939000	0.2789
9	9939000	10017000	0.3531
9	10017000	10159000	0.1701
9	10159000	10747000	0.183
9	10747000	10832000	0.1667
9	10832000	11271000	0.424
9	11271000	12203000	0.3372
9	12203000	14382000	0.9257
9	14382000	14826000	1.2169
9	14826000	14840000	1.2839
9	14840000	14930000	1.4082
9	14930000	15011000	1.6494
9	15011000	15440000	1.7879
9	15440000	15598000	1.6786
9	15598000	15817000	1.7808
9	15817000	16039000	2.3175
9	16039000	16359000	2.2446
9	16359000	16414000	1.8828
9	16414000	16519000	1.7377
9	16519000	16717000	1.8426
9	16717000	17037000	1.8439
9	17037000	17255000	2.2722
9	17255000	17491000	2.5738
9	17491000	17559000	2.7966
9	17559000	17690000	2.6029
9	17690000	17793000	2.7231
9	17793000	17905000	2.5858
9	17905000	17937000	2.5375
9	17937000	17998000	2.5432
9	17998000	18145000	3.1183
9	18145000	18158000	3.1728
9	18158000	18178000	3.1405
9	18178000	18306000	3.1183
9	18306000	18363000	2.8725
9	18363000	18431000	2.9378
9	18431000	18511000	2.5423
9	18511000	18579000	2.4389
9	18579000	18736000	2.6097
9	18736000	18766000	2.6438
9	18766000	18818000	2.5303
9	18818000	18899000	2.2665
9	18899000	18929000	2.0024
9	18929000	19010000	1.7398
9	19010000	19069000	1.634
9	19069000	19099000	1.9767
9	19099000	19176000	2.2398
9	19176000	19240000	2.2287
9	19240000	19270000	2.0183
9	19270000	19295000	1.6833
9	19295000	19450000	1.9372
9	19450000	19550000	2.0123
9	19550000	19805000	2.7511
9	19805000	20063000	3.0233
9	20063000	20212000	3.4454
9	20212000	20283000	3.5987
9	20283000	20374000	3.1065
9	20374000	20497000	3.2707
9	20497000	20548000	2.8139
9	20548000	20590000	2.7216
9	20590000	20855000	2.563
9	20855000	20891000	2.9057
9	20891000	21092000	3.0919
9	21092000	21131000	2.8226
9	21131000	21153000	2.8436
9	21153000	21177000	2.8755
9	21177000	21279000	2.6395
9	21279000	21309000	2.6798
9	21309000	21372000	2.7378
9	21372000	21381000	3.054
9	21381000	21514000	3.4166
9	21514000	21530000	3.5226
9	21530000	21597000	3.5422
9	21597000	21639000	3.1626
9	21639000	21794000	2.8562
9	21794000	21921000	2.6763
9	21921000	22177000	2.182
9	22177000	22201000	1.906
9	22201000	22249000	2.1398
9	22249000	22323000	2.0405
9	22323000	22395000	2.177
9	22395000	22549000	1.6914
9	22549000	23011000	1.5243
10	0	775000	1.6301
10	775000	878000	1.274
10	878000	908000	1.2838
10	908000	970000	1.141
10	970000	1227000	1.1108
10	1227000	1265000	1.185
10	1265000	1315000	0.9789
10	1315000	2301000	0.9082
10	2301000	2556000	0.8633
10	2556000	2636000	0.5601
10	2636000	3524000	0.7055
10	3524000	4114000	0.4358
10	4114000	4938000	0.5661
10	4938000	5294000	0.4413
10	5294000	5334000	0.0826
10	5334000	5385000	0.205
10	5385000	5482000	0.3156
10	5482000	6422000	0.3357
10	6422000	6891000	0.3736
10	6891000	8113000	0.3357
10	8113000	8214000	0.3032
10	8214000	8503000	0.1923
10	8503000	9189000	0.3357
10	9189000	9286000	0.2729
10	9286000	9559000	0.2369
10	9559000	10316000	0.2729
10	10316000	11174000	0.2455
10	11174000	11367000	0.2164
10	11367000	11524000	0.3441
10	11524000	11566000	0.5179
10	11566000	11587000	0.3879
10	11587000	11646000	0.5622
10	11646000	11711000	0.5179
10	11711000	11822000	0.7295
10	11822000	11857000	0.6393
10	11857000	11944000	0.5646
10	11944000	12001000	0.6803
10	12001000	12903000	0.5646
10	12903000	12979000	0.2302
10	12979000	13039000	0.3967
10	13039000	13085000	0.6462
10	13085000	13727000	0.7153
10	13727000	13757000	0.6606
10	13757000	13905000	0.7732
10	13905000	14129000	0.4475
10	14129000	14393000	0.5185
10	14393000	14473000	0.1412
10	14473000	14520000	0.2421
10	14520000	14556000	0.1288
10	14556000	14570000	0.2031
10	14570000	14578000	0.2455
10	14578000	14648000	0.3775
10	14648000	14765000	0.5082
10	14765000	14810000	0.4497
10	14810000	14967000	0.4282
10	14967000	15627000	0.3171
10	15627000	15799000	0.85
10	15799000	16001000	0.9054
10	16001000	16107000	0.6943
10	16107000	16163000	1.0041
10	16163000	16197000	0.6595
10	16197000	16386000	0.7829
10	16386000	16614000	0.6626
10	16614000	16880000	0.5774
10	16880000	17341000	0.4972
10	17341000	17395000	0.6642
10	17395000	17860000	0.1751
10	17860000	18009000	0.1892
10	18009000	18198000	0.1897
10	18198000	18513000	0.1417
10	18513000	18582000	0.0389
10	18582000	18748000	0.0126
10	18748000	18849000	0.0122
10	18849000	19151000	0.0186
10	19151000	19304000	0.2326
10	19304000	19674000	0.3316
10	19674000	19875000	0.2832
10	19875000	19934000	0.3129
10	19934000	20198000	0.73
10	20198000	20753000	0.6664
10	20753000	21087000	0.3544
10	21087000	21663000	0.5473
10	21663000	21716000	0.6152
10	21716000	21736000	0.0512
10	21736000	21795000	0.036
10	21795000	21918000	0.1545
10	21918000	21986000	0.1098
10	21986000	22070000	0.0356
10	22070000	22172000	0.1806
10	22172000	22214000	0.2291
10	22214000	22304000	0.1771
10	22304000	22382000	0.1828
10	22382000	22523000	0.0953
10	22523000	22581000	0.272
10	22581000	22660000	0.1855
10	22660000	22797000	0.3021
10	22797000	22838000	0.3016
10	22838000	23135000	0.193
11	0	222000	0.3369
11	222000	371000	0.4429
11	371000	632000	0.6251
11	632000	702000	0.8857
11	702000	799000	1.0326
11	799000	1014000	1.1088
11	1014000	1165000	0.941
11	1165000	1267000	0.9036
11	1267000	1657000	1.2592
11	1657000	1911000	1.4573
11	1911000	1928000	1.5305
11	1928000	2374000	1.5485
11	2374000	2426000	1.1758
11	2426000	2470000	0.9794
11	2470000	2661000	1.1973
11	2661000	2685000	1.0849
11	2685000	2816000	0.7259
11	2816000	2923000	0.5659
11	2923000	2949000	0.4902
11	2949000	3015000	0.5353
11	3015000	3102000	0.4902
11	3102000	3173000	0.3951
11	3173000	3578000	0.3784
11	3578000	3613000	0.4584
11	3613000	3760000	0.5979
11	3760000	3857000	0.6091
11	3857000	3911000	0.3373
11	3911000	4290000	0.2814
11	4290000	4324000	0.4247
11	4324000	4339000	0.3479
11	4339000	4422000	0.4146
11	4422000	4692000	0.1247
11	4692000	5016000	0.0775
11	5016000	5443000	0.0394
11	5443000	5563000	0.0559
11	5563000	5747000	0.0558
11	5747000	5832000	0.1372
11	5832000	5844000	0.132
11	5844000	6655000	0.2396
11	6655000	7034000	0.3316
11	7034000	7110000	0.3287
11	7110000	7498000	0.3387
11	7498000	7581000	0.3556
11	7581000	7664000	0.4167
11	7664000	7816000	0.3622
11	7816000	7852000	0.5459
11	7852000	7949000	0.6669
11	7949000	8858000	1.2856
11	8858000	9001000	1.4645
11	9001000	9031000	1.4955
11	9031000	9294000	1.7559
11	9294000	9441000	1.6672
11	9441000	9586000	1.4699
11	9586000	9729000	1.8361
11	9729000	9767000	1.1666
11	9767000	10089000	2.3279
11	10089000	10621000	2.0319
11	10621000	10681000	1.8661
11	10681000	10941000	1.8253
11	10941000	11660000	1.7138
11	11660000	11912000	1.6007
11	11912000	13801000	1.7138
11	13801000	14231000	1.7027
11	14231000	15387000	1.7138
11	15387000	15745000	1.9744
11	15745000	15888000	2.125
11	15888000	16313000	2.2594
11	16313000	16460000	2.4624
11	16460000	16549000	2.2594
11	16549000	17048000	2.4354
11	17048000	17157000	2.5954
11	17157000	17337000	2.2993
11	17337000	17806000	2.0043
11	17806000	17859000	2.1578
11	17859000	17894000	2.1668
11	17894000	17965000	1.6094
11	17965000	18199000	1.2458
11	18199000	18316000	1.1231
11	18316000	18481000	1.6361
11	18481000	18779000	1.9266
11	18779000	18811000	1.4531
11	18811000	18852000	1.4532
11	18852000	18882000	1.4473
11	18882000	19062000	1.6555
11	19062000	19091000	1.6825
11	19091000	19137000	1.8419
11	19137000	19230000	1.05
11	19230000	19426000	1.19
11	19426000	19468000	0.7814
11	19468000	19528000	0.8594
11	19528000	19637000	0.7909
11	19637000	20091000	0.8788
11	20091000	20177000	0.8886
11	20177000	20338000	0.8854
11	20338000	20588000	0.7057
11	20588000	20767000	0.8731
11	20767000	20788000	0.7132
11	20788000	21256000	1.1355
11	21256000	21290000	1.1855
11	21290000	21504000	1.1879
11	21504000	21583000	1.0242
11	21583000	21786000	0.9248
11	21786000	22042000	1.0139
11	22042000	22140000	0.8261
11	22140000	22547000	0.0559
11	22547000	22586000	0.1126
11	22586000	22608000	0.1828
11	22608000	22766000	0.2235
11	22766000	22800000	0.1307
11	22800000	22895000	0.3134
11	22895000	22935000	0.2773
11	22935000	23041000	0.3134
11	23041000	23265000	0.4588
11	23265000	23654000	0.2992
11	23654000	23823000	0.3312
11	23823000	23983000	0.4224
11	23983000	24249000	0.7858
11	24249000	24375000	1.1617
11	24375000	24442000	1.132
11	24442000	24547000	1.2777
11	24547000	24658000	1.3204
11	24658000	24679000	1.1401
11	24679000	24703000	0.9925
11	24703000	24743000	1.2114
11	24743000	24760000	1.3735
11	24760000	24795000	2.1676
11	24795000	24978000	2.198
11	24978000	25156000	2.2825
11	25156000	25793000	2.3074
11	25793000	25911000	2.1542
11	25911000	25957000	1.9519
11	25957000	25991000	1.9891
11	25991000	26032000	1.7364
11	26032000	26136000	1.7348
11	26136000	26511000	1.514
11	26511000	26553000	1.2665
11	26553000	26645000	1.6343
11	26645000	26709000	1.7165
11	26709000	26750000	1.8975
11	26750000	26780000	1.6837
11	26780000	26820000	1.7676
11	26820000	26860000	1.9607
11	26860000	26883000	1.9415
11	26883000	27367000	2.0414
11	27367000	27380000	1.9508
11	27380000	27958000	2.4275
11	27958000	28250000	2.0607
11	28250000	28291000	2.0261
11	28291000	28344000	2.3897
11	28344000	28513000	2.3787
12	0	724000	0.0583
12	724000	1165000	0.0831
12	1165000	1191000	0.0767
12	1191000	3009000	0.9339
12	3009000	3056000	1.0968
12	3056000	3134000	1.1014
12	3134000	3842000	0.6804
12	3842000	4748000	0.2697
12	4748000	5378000	0.2212
12	5378000	7200000	0.0225
12	7200000	7392000	0.039
12	7392000	7408000	0.0377
12	7408000	7651000	0.0744
12	7651000	7924000	0.0303
12	7924000	8859000	0.0177
12	8859000	9801000	0.127
12	9801000	10738000	0.0955
12	10738000	10758000	0.0508
12	10758000	10771000	0.0955
12	10771000	10799000	0.1315
12	10799000	11776000	0.1623
12	11776000	12062000	0.2249
12	12062000	14546000	0.1623
12	14546000	14674000	0.1023
12	14674000	16255000	0.1545
12	16255000	16364000	0.0251
12	16364000	16461000	0.0047
12	16461000	17398000	0.032
12	17398000	17608000	0.0455
12	17608000	17635000	0.1676
12	17635000	17955000	0.1896
12	17955000	18243000	0.1378
12	18243000	18300000	0.0617
12	18300000	18361000	0.0569
12	18361000	18592000	0.063
12	18592000	19087000	0.1267
12	19087000	19160000	0.0303
12	19160000	19448000	0.0214
12	19448000	19534000	0.0637
12	19534000	19677000	0.0947
12	19677000	19820000	0.0083
12	19820000	19884000	0.0246
12	19884000	20022000	0.0951
12	20022000	21145000	0.0947
12	21145000	21329000	0.0533
12	21329000	21590000	0.0694
12	21590000	21728000	0.0166
12	21728000	22018000	0.0377
12	22018000	22448000	0.0381
12	22448000	22563000	0.0801
12	22563000	22936000	0.0341
12	22936000	23052000	0.0386
12	23052000	23394000	0.0341
12	23394000	23479000	0.2503
12	23479000	23581000	0.1778
12	23581000	23886000	0.3156
12	23886000	23900000	0.2496
12	23900000	23966000	0.1884
12	23966000	24076000	0.1444
12	24076000	24122000	0.0737
12	24122000	24440000	0.0088
12	24440000	24521000	0.0033
12	24521000	24567000	0.034
12	24567000	24707000	0.0315
12	24707000	24856000	0.1854
12	24856000	25248000	0.2375
12	25248000	25277000	0.5914
12	25277000	25310000	0.7198
12	25310000	25351000	0.728
12	25351000	25603000	0.4952
12	25603000	25641000	0.6897
12	25641000	25801000	0.6817
12	25801000	26078000	0.1351
12	26078000	26322000	0.2692
12	26322000	26395000	0.2655
12	26395000	26521000	0.1938
12	26521000	26664000	0.1999
12	26664000	27016000	0.3213
12	27016000	27497000	0.6215
