chr	start	stop	color
1	1	100000	A
1	100001	200000	C
1	200001	300000	A
1	300001	400000	C
1	400001	500000	C
1	500001	600000	A
1	600001	700000	A
1	700001	800000	A
1	800001	900000	A
1	900001	1000000	A
1	1000001	1100000	A
1	1100001	1200000	A
1	1200001	1300000	A
1	1300001	1400000	A
1	1400001	1500000	A
1	1500001	1600000	A
1	1600001	1700000	A
1	1700001	1800000	A
1	1800001	1900000	A
1	1900001	2000000	A
1	2000001	2100000	A
1	2100001	2200000	B
1	2200001	2300000	A
1	2300001	2400000	A
1	2400001	2500000	A
1	2500001	2600000	B
1	2600001	2700000	B
1	2700001	2800000	C
1	2800001	2900000	C
1	2900001	3000000	C
1	3000001	3100000	B
1	3100001	3200000	A
1	3200001	3300000	B
1	3300001	3400000	C
1	3400001	3500000	C
1	3500001	3600000	C
1	3600001	3700000	C
1	3700001	3800000	C
1	3800001	3900000	C
1	3900001	4000000	B
1	4000001	4100000	B
1	4100001	4200000	B
1	4200001	4300000	B
1	4300001	4400000	B
1	4400001	4500000	B
1	4500001	4600000	B
1	4600001	4700000	A
1	4700001	4800000	A
1	4800001	4900000	B
1	4900001	5000000	A
1	5000001	5100000	A
1	5100001	5200000	A
1	5200001	5300000	A
1	5300001	5400000	A
1	5400001	5500000	A
1	5500001	5600000	A
1	5600001	5700000	A
1	5700001	5800000	A
1	5800001	5900000	A
1	5900001	6000000	A
1	6000001	6100000	A
1	6100001	6200000	A
1	6200001	6300000	A
1	6300001	6400000	A
1	6400001	6500000	A
1	6500001	6600000	A
1	6600001	6700000	A
1	6700001	6800000	A
1	6800001	6900000	A
1	6900001	7000000	A
1	7000001	7100000	A
1	7100001	7200000	A
1	7200001	7300000	C
1	7300001	7400000	C
1	7400001	7500000	A
1	7500001	7600000	A
1	7600001	7700000	A
1	7700001	7800000	C
1	7800001	7900000	C
1	7900001	8000000	C
1	8000001	8100000	C
1	8100001	8200000	A
1	8200001	8300000	C
1	8300001	8400000	C
1	8400001	8500000	C
1	8500001	8600000	A
1	8600001	8700000	A
1	8700001	8800000	A
1	8800001	8900000	C
1	8900001	9000000	C
1	9000001	9100000	A
1	9100001	9200000	A
1	9200001	9300000	A
1	9300001	9400000	A
1	9400001	9500000	A
1	9500001	9600000	B
1	9600001	9700000	B
1	9700001	9800000	B
1	9800001	9900000	B
1	9900001	10000000	A
1	10000001	10100000	A
1	10100001	10200000	B
1	10200001	10300000	A
1	10300001	10400000	A
1	10400001	10500000	B
1	10500001	10600000	A
1	10600001	10700000	A
1	10700001	10800000	A
1	10800001	10900000	A
1	10900001	11000000	A
1	11000001	11100000	A
1	11100001	11200000	A
1	11200001	11300000	A
1	11300001	11400000	A
1	11400001	11500000	A
1	11500001	11600000	A
1	11600001	11700000	A
1	11700001	11800000	A
1	11800001	11900000	A
1	11900001	12000000	A
1	12000001	12100000	A
1	12100001	12200000	A
1	12200001	12300000	A
1	12300001	12400000	A
1	12400001	12500000	C
1	12500001	12600000	A
1	12600001	12700000	A
1	12700001	12800000	A
1	12800001	12900000	A
1	12900001	13000000	A
1	13000001	13100000	A
1	13100001	13200000	A
1	13200001	13300000	A
1	13300001	13400000	A
1	13400001	13500000	A
1	13500001	13600000	A
1	13600001	13700000	A
1	13700001	13800000	A
1	13800001	13900000	A
1	13900001	14000000	A
1	14000001	14100000	A
1	14100001	14200000	A
1	14200001	14300000	A
1	14300001	14400000	C
1	14400001	14500000	A
1	14500001	14600000	A
1	14600001	14700000	A
1	14700001	14800000	A
1	14800001	14900000	B
1	14900001	15000000	B
1	15000001	15100000	B
1	15100001	15200000	B
1	15200001	15300000	B
1	15300001	15400000	B
1	15400001	15500000	B
1	15500001	15600000	B
1	15600001	15700000	B
1	15700001	15800000	B
1	15800001	15900000	B
1	15900001	16000000	B
1	16000001	16100000	B
1	16100001	16200000	B
1	16200001	16300000	B
1	16300001	16400000	B
1	16400001	16500000	B
1	16500001	16600000	B
1	16600001	16700000	B
1	16700001	16800000	B
1	16800001	16900000	B
1	16900001	17000000	B
1	17000001	17100000	B
1	17100001	17200000	B
1	17200001	17300000	B
1	17300001	17400000	B
1	17400001	17500000	B
1	17500001	17600000	B
1	17600001	17700000	B
1	17700001	17800000	B
1	17800001	17900000	B
1	17900001	18000000	B
1	18000001	18100000	B
1	18100001	18200000	B
1	18200001	18300000	B
1	18300001	18400000	B
1	18400001	18500000	B
1	18500001	18600000	C
1	18600001	18700000	C
1	18700001	18800000	C
1	18800001	18900000	B
1	18900001	19000000	C
1	19000001	19100000	C
1	19100001	19200000	B
1	19200001	19300000	C
1	19300001	19400000	B
1	19400001	19500000	B
1	19500001	19600000	B
1	19600001	19700000	B
1	19700001	19800000	A
1	19800001	19900000	B
1	19900001	20000000	B
1	20000001	20100000	B
1	20100001	20200000	B
1	20200001	20300000	B
1	20300001	20400000	B
1	20400001	20500000	C
1	20500001	20600000	C
1	20600001	20700000	C
1	20700001	20800000	B
1	20800001	20900000	B
1	20900001	21000000	C
1	21000001	21100000	A
1	21100001	21200000	A
1	21200001	21300000	A
1	21300001	21400000	A
1	21400001	21500000	A
1	21500001	21600000	A
1	21600001	21700000	A
1	21700001	21800000	A
1	21800001	21900000	A
1	21900001	22000000	A
1	22000001	22100000	A
1	22100001	22200000	A
1	22200001	22300000	A
1	22300001	22400000	A
1	22400001	22500000	A
1	22500001	22600000	A
1	22600001	22700000	A
1	22700001	22800000	A
1	22800001	22900000	A
1	22900001	23000000	A
1	23000001	23100000	A
1	23100001	23200000	A
1	23200001	23300000	A
1	23300001	23400000	A
1	23400001	23500000	A
1	23500001	23600000	A
1	23600001	23700000	A
1	23700001	23800000	A
1	23800001	23900000	A
1	23900001	24000000	A
1	24000001	24100000	A
1	24100001	24200000	A
1	24200001	24300000	A
1	24300001	24400000	A
1	24400001	24500000	A
1	24500001	24600000	A
1	24600001	24700000	A
1	24700001	24800000	A
1	24800001	24900000	A
1	24900001	25000000	A
1	25000001	25100000	A
1	25100001	25200000	A
1	25200001	25300000	A
1	25300001	25400000	A
1	25400001	25500000	A
1	25500001	25600000	A
1	25600001	25700000	A
1	25700001	25800000	A
1	25800001	25900000	A
1	25900001	26000000	C
1	26000001	26100000	A
1	26100001	26200000	A
1	26200001	26300000	A
1	26300001	26400000	A
1	26400001	26500000	A
1	26500001	26600000	A
1	26600001	26700000	A
1	26700001	26800000	A
1	26800001	26900000	A
1	26900001	27000000	A
1	27000001	27100000	A
1	27100001	27200000	A
1	27200001	27300000	A
1	27300001	27400000	B
1	27400001	27500000	B
1	27500001	27600000	B
1	27600001	27700000	A
1	27700001	27800000	A
1	27800001	27900000	A
1	27900001	28000000	B
1	28000001	28100000	B
1	28100001	28200000	B
1	28200001	28300000	B
1	28300001	28400000	B
1	28400001	28500000	B
1	28500001	28600000	B
1	28600001	28700000	A
1	28700001	28800000	A
1	28800001	28900000	A
1	28900001	29000000	B
1	29000001	29100000	B
1	29100001	29200000	A
1	29200001	29300000	B
1	29300001	29400000	A
1	29400001	29500000	A
1	29500001	29600000	A
1	29600001	29700000	A
1	29700001	29800000	B
1	29800001	29900000	A
1	29900001	30000000	A
1	30000001	30100000	A
1	30100001	30200000	A
1	30200001	30300000	A
1	30300001	30400000	A
1	30400001	30500000	A
1	30500001	30600000	A
1	30600001	30700000	A
1	30700001	30800000	A
1	30800001	30900000	A
1	30900001	31000000	A
1	31000001	31100000	A
1	31100001	31200000	B
1	31200001	31300000	A
1	31300001	31400000	A
1	31400001	31500000	A
1	31500001	31600000	A
1	31600001	31700000	B
1	31700001	31800000	B
1	31800001	31900000	B
1	31900001	32000000	B
1	32000001	32100000	A
1	32100001	32200000	C
1	32200001	32300000	C
1	32300001	32400000	C
1	32400001	32500000	A
1	32500001	32600000	A
1	32600001	32700000	C
1	32700001	32800000	C
1	32800001	32900000	C
1	32900001	33000000	C
1	33000001	33100000	C
1	33100001	33200000	C
1	33200001	33300000	C
1	33300001	33400000	C
1	33400001	33500000	C
1	33500001	33600000	C
1	33600001	33700000	C
1	33700001	33800000	C
1	33800001	33900000	C
1	33900001	34000000	C
1	34000001	34100000	C
1	34100001	34200000	C
1	34200001	34300000	C
1	34300001	34400000	C
1	34400001	34500000	C
1	34500001	34600000	C
1	34600001	34700000	C
1	34700001	34800000	C
1	34800001	34900000	C
1	34900001	35000000	C
1	35000001	35100000	C
1	35100001	35200000	C
1	35200001	35300000	C
1	35300001	35400000	C
1	35400001	35500000	B
1	35500001	35600000	B
1	35600001	35700000	B
1	35700001	35800000	B
1	35800001	35900000	B
1	35900001	36000000	B
1	36000001	36100000	B
1	36100001	36200000	B
1	36200001	36300000	B
1	36300001	36400000	B
1	36400001	36500000	B
1	36500001	36600000	B
1	36600001	36700000	B
1	36700001	36800000	B
1	36800001	36900000	B
1	36900001	37000000	B
1	37000001	37100000	B
1	37100001	37200000	B
1	37200001	37300000	B
1	37300001	37400000	B
1	37400001	37500000	B
1	37500001	37600000	B
1	37600001	37700000	B
1	37700001	37800000	B
1	37800001	37900000	B
1	37900001	38000000	B
1	38000001	38100000	B
1	38100001	38200000	B
1	38200001	38300000	B
1	38300001	38400000	B
1	38400001	38500000	B
1	38500001	38600000	B
1	38600001	38700000	B
1	38700001	38800000	B
1	38800001	38900000	B
1	38900001	39000000	B
1	39000001	39100000	B
1	39100001	39200000	B
1	39200001	39300000	B
1	39300001	39400000	B
1	39400001	39500000	B
1	39500001	39600000	B
1	39600001	39700000	B
1	39700001	39800000	B
1	39800001	39900000	B
1	39900001	40000000	C
1	40000001	40100000	B
1	40100001	40200000	C
1	40200001	40300000	C
1	40300001	40400000	C
1	40400001	40500000	A
1	40500001	40600000	C
1	40600001	40700000	C
1	40700001	40800000	A
1	40800001	40900000	A
1	40900001	41000000	A
1	41000001	41100000	A
1	41100001	41200000	B
1	41200001	41300000	B
1	41300001	41400000	B
1	41400001	41500000	A
1	41500001	41600000	B
1	41600001	41700000	C
1	41700001	41800000	B
1	41800001	41900000	B
1	41900001	42000000	B
1	42000001	42100000	B
1	42100001	42200000	B
1	42200001	42300000	B
1	42300001	42400000	B
1	42400001	42500000	B
1	42500001	42600000	B
1	42600001	42700000	B
1	42700001	42800000	B
1	42800001	42900000	C
1	42900001	43000000	C
1	43000001	43100000	C
1	43100001	43200000	A
1	43200001	43254181	C
2	1	100000	C
2	100001	200000	C
2	200001	300000	B
2	300001	400000	C
2	400001	500000	C
2	500001	600000	C
2	600001	700000	C
2	700001	800000	B
2	800001	900000	B
2	900001	1000000	B
2	1000001	1100000	B
2	1100001	1200000	A
2	1200001	1300000	C
2	1300001	1400000	C
2	1400001	1500000	C
2	1500001	1600000	C
2	1600001	1700000	C
2	1700001	1800000	C
2	1800001	1900000	C
2	1900001	2000000	C
2	2000001	2100000	C
2	2100001	2200000	B
2	2200001	2300000	B
2	2300001	2400000	B
2	2400001	2500000	B
2	2500001	2600000	B
2	2600001	2700000	B
2	2700001	2800000	B
2	2800001	2900000	C
2	2900001	3000000	A
2	3000001	3100000	C
2	3100001	3200000	C
2	3200001	3300000	C
2	3300001	3400000	B
2	3400001	3500000	B
2	3500001	3600000	C
2	3600001	3700000	C
2	3700001	3800000	B
2	3800001	3900000	C
2	3900001	4000000	B
2	4000001	4100000	C
2	4100001	4200000	C
2	4200001	4300000	C
2	4300001	4400000	B
2	4400001	4500000	C
2	4500001	4600000	C
2	4600001	4700000	C
2	4700001	4800000	C
2	4800001	4900000	B
2	4900001	5000000	B
2	5000001	5100000	B
2	5100001	5200000	B
2	5200001	5300000	C
2	5300001	5400000	C
2	5400001	5500000	C
2	5500001	5600000	C
2	5600001	5700000	C
2	5700001	5800000	B
2	5800001	5900000	B
2	5900001	6000000	B
2	6000001	6100000	B
2	6100001	6200000	B
2	6200001	6300000	C
2	6300001	6400000	B
2	6400001	6500000	B
2	6500001	6600000	B
2	6600001	6700000	C
2	6700001	6800000	B
2	6800001	6900000	B
2	6900001	7000000	A
2	7000001	7100000	A
2	7100001	7200000	B
2	7200001	7300000	B
2	7300001	7400000	B
2	7400001	7500000	A
2	7500001	7600000	A
2	7600001	7700000	A
2	7700001	7800000	B
2	7800001	7900000	A
2	7900001	8000000	C
2	8000001	8100000	A
2	8100001	8200000	A
2	8200001	8300000	A
2	8300001	8400000	C
2	8400001	8500000	A
2	8500001	8600000	B
2	8600001	8700000	A
2	8700001	8800000	A
2	8800001	8900000	A
2	8900001	9000000	B
2	9000001	9100000	A
2	9100001	9200000	C
2	9200001	9300000	C
2	9300001	9400000	C
2	9400001	9500000	C
2	9500001	9600000	B
2	9600001	9700000	B
2	9700001	9800000	B
2	9800001	9900000	B
2	9900001	10000000	B
2	10000001	10100000	B
2	10100001	10200000	B
2	10200001	10300000	B
2	10300001	10400000	B
2	10400001	10500000	B
2	10500001	10600000	B
2	10600001	10700000	B
2	10700001	10800000	B
2	10800001	10900000	B
2	10900001	11000000	B
2	11000001	11100000	B
2	11100001	11200000	B
2	11200001	11300000	B
2	11300001	11400000	B
2	11400001	11500000	B
2	11500001	11600000	B
2	11600001	11700000	B
2	11700001	11800000	B
2	11800001	11900000	B
2	11900001	12000000	B
2	12000001	12100000	B
2	12100001	12200000	B
2	12200001	12300000	B
2	12300001	12400000	B
2	12400001	12500000	B
2	12500001	12600000	B
2	12600001	12700000	B
2	12700001	12800000	B
2	12800001	12900000	B
2	12900001	13000000	B
2	13000001	13100000	B
2	13100001	13200000	B
2	13200001	13300000	B
2	13300001	13400000	B
2	13400001	13500000	B
2	13500001	13600000	B
2	13600001	13700000	B
2	13700001	13800000	B
2	13800001	13900000	B
2	13900001	14000000	B
2	14000001	14100000	B
2	14100001	14200000	B
2	14200001	14300000	B
2	14300001	14400000	B
2	14400001	14500000	B
2	14500001	14600000	B
2	14600001	14700000	B
2	14700001	14800000	B
2	14800001	14900000	B
2	14900001	15000000	B
2	15000001	15100000	B
2	15100001	15200000	B
2	15200001	15300000	B
2	15300001	15400000	B
2	15400001	15500000	B
2	15500001	15600000	B
2	15600001	15700000	B
2	15700001	15800000	B
2	15800001	15900000	B
2	15900001	16000000	B
2	16000001	16100000	B
2	16100001	16200000	B
2	16200001	16300000	B
2	16300001	16400000	B
2	16400001	16500000	B
2	16500001	16600000	B
2	16600001	16700000	B
2	16700001	16800000	B
2	16800001	16900000	B
2	16900001	17000000	B
2	17000001	17100000	B
2	17100001	17200000	B
2	17200001	17300000	B
2	17300001	17400000	B
2	17400001	17500000	B
2	17500001	17600000	B
2	17600001	17700000	B
2	17700001	17800000	B
2	17800001	17900000	B
2	17900001	18000000	B
2	18000001	18100000	B
2	18100001	18200000	B
2	18200001	18300000	B
2	18300001	18400000	B
2	18400001	18500000	B
2	18500001	18600000	B
2	18600001	18700000	B
2	18700001	18800000	B
2	18800001	18900000	B
2	18900001	19000000	B
2	19000001	19100000	B
2	19100001	19200000	B
2	19200001	19300000	B
2	19300001	19400000	B
2	19400001	19500000	B
2	19500001	19600000	B
2	19600001	19700000	B
2	19700001	19800000	B
2	19800001	19900000	B
2	19900001	20000000	C
2	20000001	20100000	C
2	20100001	20200000	B
2	20200001	20300000	B
2	20300001	20400000	C
2	20400001	20500000	B
2	20500001	20600000	C
2	20600001	20700000	B
2	20700001	20800000	C
2	20800001	20900000	C
2	20900001	21000000	C
2	21000001	21100000	A
2	21100001	21200000	A
2	21200001	21300000	C
2	21300001	21400000	A
2	21400001	21500000	B
2	21500001	21600000	A
2	21600001	21700000	B
2	21700001	21800000	B
2	21800001	21900000	B
2	21900001	22000000	C
2	22000001	22100000	B
2	22100001	22200000	B
2	22200001	22300000	B
2	22300001	22400000	B
2	22400001	22500000	B
2	22500001	22600000	B
2	22600001	22700000	C
2	22700001	22800000	C
2	22800001	22900000	B
2	22900001	23000000	C
2	23000001	23100000	B
2	23100001	23200000	A
2	23200001	23300000	A
2	23300001	23400000	C
2	23400001	23500000	A
2	23500001	23600000	A
2	23600001	23700000	A
2	23700001	23800000	A
2	23800001	23900000	A
2	23900001	24000000	A
2	24000001	24100000	A
2	24100001	24200000	A
2	24200001	24300000	A
2	24300001	24400000	A
2	24400001	24500000	A
2	24500001	24600000	A
2	24600001	24700000	A
2	24700001	24800000	A
2	24800001	24900000	A
2	24900001	25000000	A
2	25000001	25100000	A
2	25100001	25200000	A
2	25200001	25300000	A
2	25300001	25400000	A
2	25400001	25500000	A
2	25500001	25600000	A
2	25600001	25700000	A
2	25700001	25800000	A
2	25800001	25900000	A
2	25900001	26000000	A
2	26000001	26100000	A
2	26100001	26200000	A
2	26200001	26300000	A
2	26300001	26400000	A
2	26400001	26500000	A
2	26500001	26600000	A
2	26600001	26700000	A
2	26700001	26800000	A
2	26800001	26900000	A
2	26900001	27000000	A
2	27000001	27100000	A
2	27100001	27200000	A
2	27200001	27300000	A
2	27300001	27400000	A
2	27400001	27500000	A
2	27500001	27600000	A
2	27600001	27700000	A
2	27700001	27800000	A
2	27800001	27900000	A
2	27900001	28000000	A
2	28000001	28100000	A
2	28100001	28200000	A
2	28200001	28300000	A
2	28300001	28400000	A
2	28400001	28500000	A
2	28500001	28600000	A
2	28600001	28700000	A
2	28700001	28800000	A
2	28800001	28900000	A
2	28900001	29000000	A
2	29000001	29100000	A
2	29100001	29200000	A
2	29200001	29300000	A
2	29300001	29400000	A
2	29400001	29500000	A
2	29500001	29600000	A
2	29600001	29700000	A
2	29700001	29800000	A
2	29800001	29900000	A
2	29900001	30000000	A
2	30000001	30100000	A
2	30100001	30200000	A
2	30200001	30300000	A
2	30300001	30400000	A
2	30400001	30500000	A
2	30500001	30600000	A
2	30600001	30700000	A
2	30700001	30800000	A
2	30800001	30900000	A
2	30900001	31000000	A
2	31000001	31100000	A
2	31100001	31200000	A
2	31200001	31300000	A
2	31300001	31400000	A
2	31400001	31500000	A
2	31500001	31600000	A
2	31600001	31700000	A
2	31700001	31800000	A
2	31800001	31900000	A
2	31900001	32000000	A
2	32000001	32100000	A
2	32100001	32200000	A
2	32200001	32300000	A
2	32300001	32400000	A
2	32400001	32500000	A
2	32500001	32600000	A
2	32600001	32700000	A
2	32700001	32800000	A
2	32800001	32900000	A
2	32900001	33000000	A
2	33000001	33100000	A
2	33100001	33200000	A
2	33200001	33300000	A
2	33300001	33400000	A
2	33400001	33500000	A
2	33500001	33600000	A
2	33600001	33700000	A
2	33700001	33800000	A
2	33800001	33900000	A
2	33900001	34000000	C
2	34000001	34100000	A
2	34100001	34200000	B
2	34200001	34300000	B
2	34300001	34400000	B
2	34400001	34500000	B
2	34500001	34600000	B
2	34600001	34700000	B
2	34700001	34800000	B
2	34800001	34900000	B
2	34900001	35000000	B
2	35000001	35100000	B
2	35100001	35200000	B
2	35200001	35300000	B
2	35300001	35400000	B
2	35400001	35500000	B
2	35500001	35600000	B
2	35600001	35700000	B
2	35700001	35800000	B
2	35800001	35900000	B
2	35900001	35935679	B
3	1	100000	B
3	100001	200000	B
3	200001	300000	B
3	300001	400000	B
3	400001	500000	B
3	500001	600000	B
3	600001	700000	B
3	700001	800000	B
3	800001	900000	B
3	900001	1000000	B
3	1000001	1100000	B
3	1100001	1200000	A
3	1200001	1300000	A
3	1300001	1400000	A
3	1400001	1500000	B
3	1500001	1600000	A
3	1600001	1700000	A
3	1700001	1800000	A
3	1800001	1900000	A
3	1900001	2000000	A
3	2000001	2100000	A
3	2100001	2200000	A
3	2200001	2300000	A
3	2300001	2400000	A
3	2400001	2500000	A
3	2500001	2600000	A
3	2600001	2700000	A
3	2700001	2800000	A
3	2800001	2900000	A
3	2900001	3000000	A
3	3000001	3100000	A
3	3100001	3200000	A
3	3200001	3300000	A
3	3300001	3400000	A
3	3400001	3500000	A
3	3500001	3600000	A
3	3600001	3700000	A
3	3700001	3800000	A
3	3800001	3900000	A
3	3900001	4000000	C
3	4000001	4100000	A
3	4100001	4200000	A
3	4200001	4300000	A
3	4300001	4400000	A
3	4400001	4500000	A
3	4500001	4600000	A
3	4600001	4700000	A
3	4700001	4800000	A
3	4800001	4900000	A
3	4900001	5000000	A
3	5000001	5100000	A
3	5100001	5200000	A
3	5200001	5300000	A
3	5300001	5400000	A
3	5400001	5500000	A
3	5500001	5600000	A
3	5600001	5700000	A
3	5700001	5800000	A
3	5800001	5900000	A
3	5900001	6000000	A
3	6000001	6100000	A
3	6100001	6200000	A
3	6200001	6300000	A
3	6300001	6400000	A
3	6400001	6500000	A
3	6500001	6600000	A
3	6600001	6700000	A
3	6700001	6800000	A
3	6800001	6900000	A
3	6900001	7000000	A
3	7000001	7100000	A
3	7100001	7200000	A
3	7200001	7300000	A
3	7300001	7400000	A
3	7400001	7500000	A
3	7500001	7600000	A
3	7600001	7700000	A
3	7700001	7800000	A
3	7800001	7900000	A
3	7900001	8000000	A
3	8000001	8100000	A
3	8100001	8200000	A
3	8200001	8300000	A
3	8300001	8400000	A
3	8400001	8500000	A
3	8500001	8600000	A
3	8600001	8700000	A
3	8700001	8800000	A
3	8800001	8900000	A
3	8900001	9000000	A
3	9000001	9100000	A
3	9100001	9200000	A
3	9200001	9300000	A
3	9300001	9400000	A
3	9400001	9500000	A
3	9500001	9600000	A
3	9600001	9700000	A
3	9700001	9800000	A
3	9800001	9900000	A
3	9900001	10000000	A
3	10000001	10100000	A
3	10100001	10200000	A
3	10200001	10300000	A
3	10300001	10400000	A
3	10400001	10500000	A
3	10500001	10600000	A
3	10600001	10700000	A
3	10700001	10800000	A
3	10800001	10900000	A
3	10900001	11000000	A
3	11000001	11100000	A
3	11100001	11200000	A
3	11200001	11300000	A
3	11300001	11400000	A
3	11400001	11500000	A
3	11500001	11600000	A
3	11600001	11700000	A
3	11700001	11800000	A
3	11800001	11900000	A
3	11900001	12000000	A
3	12000001	12100000	A
3	12100001	12200000	A
3	12200001	12300000	A
3	12300001	12400000	A
3	12400001	12500000	A
3	12500001	12600000	A
3	12600001	12700000	A
3	12700001	12800000	A
3	12800001	12900000	A
3	12900001	13000000	A
3	13000001	13100000	A
3	13100001	13200000	A
3	13200001	13300000	A
3	13300001	13400000	A
3	13400001	13500000	A
3	13500001	13600000	A
3	13600001	13700000	A
3	13700001	13800000	A
3	13800001	13900000	A
3	13900001	14000000	A
3	14000001	14100000	B
3	14100001	14200000	A
3	14200001	14300000	A
3	14300001	14400000	A
3	14400001	14500000	B
3	14500001	14600000	B
3	14600001	14700000	B
3	14700001	14800000	B
3	14800001	14900000	B
3	14900001	15000000	B
3	15000001	15100000	B
3	15100001	15200000	B
3	15200001	15300000	B
3	15300001	15400000	B
3	15400001	15500000	B
3	15500001	15600000	B
3	15600001	15700000	B
3	15700001	15800000	B
3	15800001	15900000	B
3	15900001	16000000	B
3	16000001	16100000	B
3	16100001	16200000	B
3	16200001	16300000	B
3	16300001	16400000	B
3	16400001	16500000	B
3	16500001	16600000	B
3	16600001	16700000	B
3	16700001	16800000	C
3	16800001	16900000	C
3	16900001	17000000	B
3	17000001	17100000	B
3	17100001	17200000	B
3	17200001	17300000	B
3	17300001	17400000	B
3	17400001	17500000	B
3	17500001	17600000	B
3	17600001	17700000	B
3	17700001	17800000	B
3	17800001	17900000	B
3	17900001	18000000	B
3	18000001	18100000	B
3	18100001	18200000	B
3	18200001	18300000	B
3	18300001	18400000	B
3	18400001	18500000	B
3	18500001	18600000	B
3	18600001	18700000	B
3	18700001	18800000	B
3	18800001	18900000	B
3	18900001	19000000	B
3	19000001	19100000	B
3	19100001	19200000	B
3	19200001	19300000	B
3	19300001	19400000	B
3	19400001	19500000	B
3	19500001	19600000	B
3	19600001	19700000	B
3	19700001	19800000	B
3	19800001	19900000	B
3	19900001	20000000	B
3	20000001	20100000	B
3	20100001	20200000	B
3	20200001	20300000	B
3	20300001	20400000	B
3	20400001	20500000	B
3	20500001	20600000	B
3	20600001	20700000	B
3	20700001	20800000	B
3	20800001	20900000	B
3	20900001	21000000	B
3	21000001	21100000	B
3	21100001	21200000	B
3	21200001	21300000	B
3	21300001	21400000	B
3	21400001	21500000	B
3	21500001	21600000	B
3	21600001	21700000	B
3	21700001	21800000	B
3	21800001	21900000	B
3	21900001	22000000	B
3	22000001	22100000	B
3	22100001	22200000	B
3	22200001	22300000	B
3	22300001	22400000	B
3	22400001	22500000	B
3	22500001	22600000	B
3	22600001	22700000	B
3	22700001	22800000	B
3	22800001	22900000	B
3	22900001	23000000	B
3	23000001	23100000	B
3	23100001	23200000	B
3	23200001	23300000	B
3	23300001	23400000	B
3	23400001	23500000	B
3	23500001	23600000	B
3	23600001	23700000	B
3	23700001	23800000	B
3	23800001	23900000	B
3	23900001	24000000	B
3	24000001	24100000	B
3	24100001	24200000	B
3	24200001	24300000	B
3	24300001	24400000	B
3	24400001	24500000	B
3	24500001	24600000	B
3	24600001	24700000	B
3	24700001	24800000	B
3	24800001	24900000	B
3	24900001	25000000	B
3	25000001	25100000	B
3	25100001	25200000	B
3	25200001	25300000	B
3	25300001	25400000	B
3	25400001	25500000	B
3	25500001	25600000	B
3	25600001	25700000	B
3	25700001	25800000	B
3	25800001	25900000	B
3	25900001	26000000	B
3	26000001	26100000	B
3	26100001	26200000	B
3	26200001	26300000	B
3	26300001	26400000	B
3	26400001	26500000	B
3	26500001	26600000	B
3	26600001	26700000	B
3	26700001	26800000	B
3	26800001	26900000	B
3	26900001	27000000	B
3	27000001	27100000	B
3	27100001	27200000	B
3	27200001	27300000	B
3	27300001	27400000	B
3	27400001	27500000	B
3	27500001	27600000	B
3	27600001	27700000	B
3	27700001	27800000	B
3	27800001	27900000	B
3	27900001	28000000	B
3	28000001	28100000	B
3	28100001	28200000	B
3	28200001	28300000	B
3	28300001	28400000	B
3	28400001	28500000	B
3	28500001	28600000	B
3	28600001	28700000	B
3	28700001	28800000	B
3	28800001	28900000	B
3	28900001	29000000	B
3	29000001	29100000	B
3	29100001	29200000	B
3	29200001	29300000	B
3	29300001	29400000	B
3	29400001	29500000	B
3	29500001	29600000	B
3	29600001	29700000	B
3	29700001	29800000	B
3	29800001	29900000	B
3	29900001	30000000	B
3	30000001	30100000	B
3	30100001	30200000	B
3	30200001	30300000	B
3	30300001	30400000	B
3	30400001	30500000	B
3	30500001	30600000	B
3	30600001	30700000	B
3	30700001	30800000	B
3	30800001	30900000	B
3	30900001	31000000	B
3	31000001	31100000	B
3	31100001	31200000	A
3	31200001	31300000	B
3	31300001	31400000	A
3	31400001	31500000	A
3	31500001	31600000	A
3	31600001	31700000	B
3	31700001	31800000	A
3	31800001	31900000	A
3	31900001	32000000	A
3	32000001	32100000	A
3	32100001	32200000	A
3	32200001	32300000	A
3	32300001	32400000	A
3	32400001	32500000	A
3	32500001	32600000	B
3	32600001	32700000	B
3	32700001	32800000	B
3	32800001	32900000	B
3	32900001	33000000	B
3	33000001	33100000	B
3	33100001	33200000	B
3	33200001	33300000	B
3	33300001	33400000	C
3	33400001	33500000	B
3	33500001	33600000	C
3	33600001	33700000	A
3	33700001	33800000	A
3	33800001	33900000	A
3	33900001	34000000	A
3	34000001	34100000	A
3	34100001	34200000	A
3	34200001	34300000	A
3	34300001	34400000	A
3	34400001	34500000	A
3	34500001	34600000	A
3	34600001	34700000	B
3	34700001	34800000	A
3	34800001	34900000	A
3	34900001	35000000	A
3	35000001	35100000	A
3	35100001	35200000	A
3	35200001	35300000	A
3	35300001	35400000	A
3	35400001	35500000	A
3	35500001	35600000	C
3	35600001	35700000	C
3	35700001	35800000	C
3	35800001	35900000	C
3	35900001	36000000	C
3	36000001	36100000	C
3	36100001	36200000	C
3	36200001	36300000	A
3	36300001	36400000	A
3	36400001	36413231	A
4	1	100000	A
4	100001	200000	A
4	200001	300000	A
4	300001	400000	A
4	400001	500000	A
4	500001	600000	A
4	600001	700000	A
4	700001	800000	A
4	800001	900000	A
4	900001	1000000	A
4	1000001	1100000	A
4	1100001	1200000	A
4	1200001	1300000	A
4	1300001	1400000	A
4	1400001	1500000	A
4	1600001	1700000	A
4	1700001	1800000	C
4	1800001	1900000	B
4	1900001	2000000	C
4	2000001	2100000	B
4	2200001	2300000	C
4	2300001	2400000	B
4	2400001	2500000	C
4	2500001	2600000	C
4	2700001	2800000	C
4	2800001	2900000	C
4	2900001	3000000	C
4	3000001	3100000	C
4	3100001	3200000	A
4	3200001	3300000	C
4	3300001	3400000	C
4	3400001	3500000	C
4	3500001	3600000	C
4	3600001	3700000	C
4	3700001	3800000	C
4	3800001	3900000	B
4	3900001	4000000	B
4	4000001	4100000	C
4	4100001	4200000	B
4	4200001	4300000	B
4	4300001	4400000	C
4	4400001	4500000	C
4	4500001	4600000	C
4	4600001	4700000	C
4	4700001	4800000	C
4	4800001	4900000	C
4	4900001	5000000	C
4	5000001	5100000	C
4	5100001	5200000	C
4	5200001	5300000	C
4	5300001	5400000	B
4	5400001	5500000	B
4	5500001	5600000	B
4	5600001	5700000	B
4	5700001	5800000	B
4	5800001	5900000	B
4	5900001	6000000	B
4	6000001	6100000	B
4	6100001	6200000	B
4	6200001	6300000	B
4	6300001	6400000	B
4	6400001	6500000	B
4	6500001	6600000	B
4	6600001	6700000	B
4	6700001	6800000	A
4	6800001	6900000	B
4	6900001	7000000	B
4	7000001	7100000	B
4	7100001	7200000	B
4	7200001	7300000	B
4	7300001	7400000	B
4	7400001	7500000	B
4	7500001	7600000	B
4	7800001	7900000	B
4	7900001	8000000	B
4	8000001	8100000	B
4	8100001	8200000	B
4	8200001	8300000	B
4	8300001	8400000	B
4	8400001	8500000	B
4	8500001	8600000	B
4	8600001	8700000	B
4	8700001	8800000	B
4	8800001	8900000	B
4	8900001	9000000	B
4	9000001	9100000	B
4	9200001	9300000	B
4	9300001	9400000	B
4	9400001	9500000	B
4	9500001	9600000	B
4	9600001	9700000	B
4	9700001	9800000	B
4	9800001	9900000	B
4	9900001	10000000	B
4	10000001	10100000	B
4	10100001	10200000	B
4	10300001	10400000	B
4	10400001	10500000	B
4	10500001	10600000	B
4	10600001	10700000	B
4	10700001	10800000	B
4	10800001	10900000	B
4	10900001	11000000	B
4	11000001	11100000	B
4	11100001	11200000	B
4	11200001	11300000	B
4	11300001	11400000	B
4	11400001	11500000	B
4	11500001	11600000	B
4	11600001	11700000	B
4	11700001	11800000	B
4	11800001	11900000	B
4	11900001	12000000	B
4	12000001	12100000	B
4	12100001	12200000	B
4	12200001	12300000	B
4	12300001	12400000	C
4	12400001	12500000	B
4	12500001	12600000	B
4	12600001	12700000	B
4	12700001	12800000	B
4	12900001	13000000	C
4	13000001	13100000	C
4	13100001	13200000	C
4	13200001	13300000	C
4	13300001	13400000	C
4	13400001	13500000	C
4	13500001	13600000	C
4	13600001	13700000	C
4	13700001	13800000	C
4	13800001	13900000	C
4	13900001	14000000	C
4	14000001	14100000	C
4	14100001	14200000	C
4	14200001	14300000	C
4	14300001	14400000	C
4	14400001	14500000	C
4	14500001	14600000	C
4	14600001	14700000	C
4	14700001	14800000	C
4	14800001	14900000	C
4	14900001	15000000	C
4	15000001	15100000	C
4	15100001	15200000	C
4	15200001	15300000	C
4	15300001	15400000	C
4	15400001	15500000	C
4	15500001	15600000	C
4	15800001	15900000	C
4	15900001	16000000	C
4	16000001	16100000	C
4	16100001	16200000	C
4	16200001	16300000	C
4	16300001	16400000	C
4	16400001	16500000	C
4	16500001	16600000	C
4	16600001	16700000	C
4	16700001	16800000	C
4	16800001	16900000	C
4	16900001	17000000	C
4	17000001	17100000	C
4	17100001	17200000	C
4	17200001	17300000	C
4	17300001	17400000	A
4	17400001	17500000	C
4	17500001	17600000	C
4	17600001	17700000	C
4	17700001	17800000	C
4	17800001	17900000	C
4	17900001	18000000	C
4	18000001	18100000	C
4	18100001	18200000	C
4	18200001	18300000	C
4	18300001	18400000	C
4	18400001	18500000	C
4	18500001	18600000	C
4	18600001	18700000	C
4	18700001	18800000	C
4	18800001	18900000	C
4	18900001	19000000	B
4	19000001	19100000	B
4	19100001	19200000	B
4	19200001	19300000	B
4	19300001	19400000	B
4	19400001	19500000	B
4	19500001	19600000	B
4	19600001	19700000	B
4	19700001	19800000	B
4	19800001	19900000	C
4	19900001	20000000	B
4	20000001	20100000	B
4	20100001	20200000	B
4	20200001	20300000	B
4	20300001	20400000	B
4	20400001	20500000	B
4	20500001	20600000	C
4	20600001	20700000	B
4	20700001	20800000	B
4	20800001	20900000	B
4	20900001	21000000	C
4	21000001	21100000	B
4	21100001	21200000	C
4	21200001	21300000	C
4	21300001	21400000	C
4	21400001	21500000	C
4	21500001	21600000	C
4	21600001	21700000	A
4	21700001	21800000	B
4	21800001	21900000	B
4	21900001	22000000	B
4	22000001	22100000	B
4	22100001	22200000	B
4	22200001	22300000	B
4	22300001	22400000	B
4	22400001	22500000	B
4	22500001	22600000	B
4	22600001	22700000	B
4	22700001	22800000	B
4	22800001	22900000	B
4	22900001	23000000	B
4	23000001	23100000	B
4	23100001	23200000	B
4	23200001	23300000	B
4	23300001	23400000	C
4	23400001	23500000	C
4	23500001	23600000	C
4	23600001	23700000	C
4	23700001	23800000	B
4	23800001	23900000	B
4	23900001	24000000	B
4	24000001	24100000	B
4	24100001	24200000	C
4	24200001	24300000	C
4	24300001	24400000	A
4	24400001	24500000	A
4	24500001	24600000	A
4	24600001	24700000	A
4	24700001	24800000	A
4	24800001	24900000	A
4	24900001	25000000	A
4	25000001	25100000	A
4	25100001	25200000	A
4	25200001	25300000	A
4	25300001	25400000	A
4	25400001	25500000	A
4	25500001	25600000	A
4	25600001	25700000	A
4	25700001	25800000	A
4	25800001	25900000	A
4	25900001	26000000	A
4	26000001	26100000	A
4	26100001	26200000	A
4	26200001	26300000	A
4	26300001	26400000	A
4	26400001	26500000	A
4	26500001	26600000	A
4	26600001	26700000	A
4	26700001	26800000	A
4	26800001	26900000	A
4	26900001	27000000	A
4	27000001	27100000	A
4	27100001	27200000	A
4	27200001	27300000	A
4	27300001	27400000	A
4	27400001	27500000	A
4	27500001	27600000	A
4	27600001	27700000	A
4	27700001	27800000	A
4	27800001	27900000	A
4	27900001	28000000	A
4	28000001	28100000	A
4	28100001	28200000	A
4	28200001	28300000	A
4	28300001	28400000	A
4	28400001	28500000	A
4	28500001	28600000	A
4	28600001	28700000	A
4	28700001	28800000	A
4	28800001	28900000	A
4	28900001	29000000	A
4	29000001	29100000	A
4	29100001	29200000	A
4	29200001	29300000	A
4	29300001	29400000	A
4	29400001	29500000	A
4	29500001	29600000	A
4	29600001	29700000	A
4	29700001	29800000	A
4	29800001	29900000	B
4	29900001	30000000	C
4	30000001	30100000	B
4	30100001	30200000	B
4	30200001	30300000	B
4	30300001	30400000	B
4	30400001	30500000	B
4	30500001	30600000	B
4	30600001	30700000	B
4	30700001	30800000	B
4	30800001	30900000	B
4	30900001	31000000	B
4	31000001	31100000	B
4	31100001	31200000	B
4	31200001	31300000	B
4	31300001	31400000	B
4	31400001	31500000	C
4	31500001	31600000	C
4	31600001	31700000	C
4	31700001	31800000	C
4	31800001	31900000	C
4	31900001	32000000	C
4	32000001	32100000	C
4	32100001	32200000	C
4	32200001	32300000	C
4	32300001	32400000	A
4	32400001	32500000	A
4	32500001	32600000	A
4	32600001	32700000	A
4	32700001	32800000	A
4	32800001	32900000	A
4	32900001	33000000	A
4	33000001	33100000	A
4	33100001	33200000	A
4	33200001	33300000	A
4	33300001	33400000	A
4	33400001	33500000	B
4	33500001	33600000	A
4	33600001	33700000	A
4	33700001	33800000	A
4	33800001	33900000	A
4	33900001	34000000	A
4	34000001	34100000	A
4	34100001	34200000	A
4	34200001	34300000	A
4	34300001	34400000	A
4	34400001	34500000	A
4	34500001	34600000	A
4	34600001	34700000	A
4	34700001	34800000	A
4	34800001	34900000	A
4	34900001	35000000	A
4	35000001	35100000	A
4	35100001	35200000	A
4	35200001	35300000	A
4	35300001	35400000	A
4	35400001	35500000	A
4	35500001	35502234	A
5	1	100000	B
5	100001	200000	B
5	200001	300000	B
5	300001	400000	B
5	400001	500000	B
5	500001	600000	B
5	600001	700000	B
5	700001	800000	B
5	800001	900000	B
5	900001	1000000	B
5	1000001	1100000	B
5	1100001	1200000	B
5	1200001	1300000	B
5	1300001	1400000	A
5	1400001	1500000	B
5	1500001	1600000	B
5	1600001	1700000	A
5	1700001	1800000	B
5	1800001	1900000	A
5	1900001	2000000	A
5	2000001	2100000	A
5	2100001	2200000	A
5	2200001	2300000	B
5	2300001	2400000	C
5	2400001	2500000	C
5	2500001	2600000	C
5	2600001	2700000	C
5	2700001	2800000	C
5	2800001	2900000	C
5	2900001	3000000	C
5	3000001	3100000	C
5	3100001	3200000	C
5	3200001	3300000	C
5	3300001	3400000	C
5	3400001	3500000	C
5	3500001	3600000	C
5	3600001	3700000	A
5	3700001	3800000	C
5	3800001	3900000	C
5	3900001	4000000	C
5	4000001	4100000	C
5	4100001	4200000	C
5	4200001	4300000	C
5	4300001	4400000	C
5	4400001	4500000	C
5	4500001	4600000	C
5	4600001	4700000	A
5	4700001	4800000	A
5	4800001	4900000	B
5	4900001	5000000	C
5	5000001	5100000	C
5	5100001	5200000	B
5	5200001	5300000	B
5	5300001	5400000	A
5	5400001	5500000	A
5	5500001	5600000	A
5	5600001	5700000	C
5	5700001	5800000	A
5	5800001	5900000	A
5	5900001	6000000	A
5	6000001	6100000	C
5	6100001	6200000	C
5	6200001	6300000	C
5	6300001	6400000	C
5	6400001	6500000	C
5	6500001	6600000	C
5	6600001	6700000	B
5	6700001	6800000	B
5	6800001	6900000	B
5	6900001	7000000	B
5	7000001	7100000	C
5	7100001	7200000	C
5	7200001	7300000	C
5	7300001	7400000	B
5	7400001	7500000	B
5	7500001	7600000	B
5	7600001	7700000	B
5	7700001	7800000	B
5	7800001	7900000	C
5	7900001	8000000	C
5	8000001	8100000	A
5	8100001	8200000	B
5	8200001	8300000	A
5	8300001	8400000	A
5	8400001	8500000	C
5	8500001	8600000	A
5	8600001	8700000	A
5	8700001	8800000	A
5	8800001	8900000	C
5	8900001	9000000	C
5	9000001	9100000	C
5	9100001	9200000	C
5	9200001	9300000	C
5	9300001	9400000	C
5	9400001	9500000	C
5	9500001	9600000	C
5	9600001	9700000	C
5	9700001	9800000	C
5	9800001	9900000	C
5	9900001	10000000	C
5	10000001	10100000	C
5	10100001	10200000	C
5	10200001	10300000	C
5	10300001	10400000	C
5	10400001	10500000	C
5	10500001	10600000	C
5	10600001	10700000	C
5	10700001	10800000	C
5	10800001	10900000	C
5	10900001	11000000	C
5	11000001	11100000	B
5	11100001	11200000	C
5	11200001	11300000	C
5	11300001	11400000	C
5	11400001	11500000	C
5	11500001	11600000	B
5	11600001	11700000	B
5	11700001	11800000	C
5	11800001	11900000	C
5	11900001	12000000	C
5	12000001	12100000	C
5	12100001	12200000	B
5	12200001	12300000	B
5	12300001	12400000	C
5	12400001	12500000	B
5	12500001	12600000	C
5	12600001	12700000	C
5	12700001	12800000	C
5	12800001	12900000	C
5	12900001	13000000	C
5	13000001	13100000	C
5	13100001	13200000	B
5	13200001	13300000	B
5	13300001	13400000	B
5	13400001	13500000	B
5	13500001	13600000	B
5	13600001	13700000	B
5	13700001	13800000	B
5	13800001	13900000	B
5	13900001	14000000	B
5	14000001	14100000	B
5	14100001	14200000	B
5	14200001	14300000	B
5	14300001	14400000	B
5	14400001	14500000	B
5	14500001	14600000	B
5	14600001	14700000	B
5	14700001	14800000	B
5	14800001	14900000	B
5	14900001	15000000	B
5	15000001	15100000	B
5	15100001	15200000	B
5	15200001	15300000	B
5	15300001	15400000	B
5	15400001	15500000	B
5	15500001	15600000	B
5	15600001	15700000	B
5	15700001	15800000	B
5	15800001	15900000	B
5	15900001	16000000	B
5	16000001	16100000	B
5	16100001	16200000	B
5	16200001	16300000	B
5	16300001	16400000	B
5	16400001	16500000	B
5	16500001	16600000	C
5	16600001	16700000	C
5	16700001	16800000	B
5	16800001	16900000	B
5	16900001	17000000	C
5	17000001	17100000	B
5	17100001	17200000	B
5	17200001	17300000	B
5	17300001	17400000	B
5	17400001	17500000	B
5	17500001	17600000	A
5	17600001	17700000	B
5	17700001	17800000	B
5	17800001	17900000	A
5	17900001	18000000	B
5	18000001	18100000	B
5	18100001	18200000	B
5	18200001	18300000	B
5	18300001	18400000	B
5	18400001	18500000	C
5	18500001	18600000	C
5	18600001	18700000	C
5	18700001	18800000	C
5	18800001	18900000	C
5	18900001	19000000	C
5	19000001	19100000	C
5	19100001	19200000	C
5	19200001	19300000	C
5	19300001	19400000	C
5	19400001	19500000	C
5	19500001	19600000	C
5	19600001	19700000	C
5	19700001	19800000	C
5	19800001	19900000	C
5	19900001	20000000	C
5	20000001	20100000	C
5	20100001	20200000	A
5	20200001	20300000	B
5	20300001	20400000	B
5	20400001	20500000	B
5	20500001	20600000	C
5	20600001	20700000	B
5	20700001	20800000	A
5	20800001	20900000	A
5	20900001	21000000	C
5	21000001	21100000	A
5	21100001	21200000	A
5	21200001	21300000	A
5	21300001	21400000	A
5	21400001	21500000	A
5	21500001	21600000	C
5	21600001	21700000	C
5	21700001	21800000	C
5	21800001	21900000	A
5	21900001	22000000	C
5	22000001	22100000	C
5	22100001	22200000	C
5	22200001	22300000	C
5	22300001	22400000	B
5	22400001	22500000	B
5	22500001	22600000	A
5	22600001	22700000	A
5	22700001	22800000	B
5	22800001	22900000	A
5	22900001	23000000	A
5	23000001	23100000	B
5	23100001	23200000	B
5	23200001	23300000	A
5	23300001	23400000	A
5	23400001	23500000	B
5	23500001	23600000	C
5	23600001	23700000	C
5	23700001	23800000	A
5	23800001	23900000	A
5	23900001	24000000	B
5	24000001	24100000	B
5	24100001	24200000	B
5	24200001	24300000	A
5	24300001	24400000	B
5	24400001	24500000	B
5	24500001	24600000	B
5	24600001	24700000	B
5	24700001	24800000	B
5	24800001	24900000	B
5	24900001	25000000	B
5	25000001	25100000	B
5	25100001	25200000	B
5	25200001	25300000	B
5	25300001	25400000	B
5	25400001	25500000	B
5	25500001	25600000	B
5	25600001	25700000	B
5	25700001	25800000	B
5	25800001	25900000	B
5	25900001	26000000	C
5	26000001	26100000	C
5	26100001	26200000	C
5	26200001	26300000	C
5	26300001	26400000	C
5	26400001	26500000	C
5	26500001	26600000	C
5	26600001	26700000	B
5	26700001	26800000	B
5	26800001	26900000	C
5	26900001	27000000	C
5	27000001	27100000	B
5	27100001	27200000	C
5	27200001	27300000	B
5	27300001	27400000	C
5	27400001	27500000	C
5	27500001	27600000	C
5	27600001	27700000	C
5	27700001	27800000	C
5	27800001	27900000	C
5	27900001	28000000	C
5	28000001	28100000	C
5	28100001	28200000	C
5	28200001	28300000	A
5	28300001	28400000	C
5	28400001	28500000	C
5	28500001	28600000	A
5	28600001	28700000	A
5	28700001	28800000	A
5	28800001	28900000	A
5	28900001	29000000	A
5	29000001	29100000	A
5	29100001	29200000	A
5	29200001	29300000	C
5	29300001	29400000	C
5	29400001	29500000	C
5	29500001	29600000	C
5	29600001	29700000	C
5	29700001	29800000	C
5	29900001	29929750	C
6	1	100000	C
6	100001	200000	B
6	200001	300000	B
6	300001	400000	B
6	400001	500000	B
6	500001	600000	B
6	600001	700000	B
6	700001	800000	C
6	800001	900000	C
6	900001	1000000	A
6	1000001	1100000	C
6	1100001	1200000	C
6	1200001	1300000	C
6	1300001	1400000	A
6	1400001	1500000	C
6	1500001	1600000	C
6	1600001	1700000	C
6	1700001	1800000	C
6	1800001	1900000	C
6	1900001	2000000	C
6	2000001	2100000	C
6	2100001	2200000	C
6	2200001	2300000	C
6	2300001	2400000	C
6	2400001	2500000	A
6	2500001	2600000	A
6	2600001	2700000	A
6	2700001	2800000	A
6	2800001	2900000	B
6	2900001	3000000	B
6	3000001	3100000	B
6	3100001	3200000	B
6	3200001	3300000	B
6	3300001	3400000	B
6	3400001	3500000	B
6	3500001	3600000	B
6	3600001	3700000	B
6	3700001	3800000	B
6	3800001	3900000	B
6	3900001	4000000	B
6	4000001	4100000	B
6	4100001	4200000	B
6	4200001	4300000	A
6	4300001	4400000	C
6	4400001	4500000	B
6	4500001	4600000	B
6	4600001	4700000	B
6	4700001	4800000	B
6	4800001	4900000	B
6	4900001	5000000	B
6	5000001	5100000	B
6	5100001	5200000	B
6	5200001	5300000	B
6	5300001	5400000	B
6	5400001	5500000	B
6	5500001	5600000	B
6	5600001	5700000	B
6	5700001	5800000	B
6	5800001	5900000	B
6	5900001	6000000	B
6	6000001	6100000	B
6	6100001	6200000	B
6	6200001	6300000	B
6	6300001	6400000	B
6	6400001	6500000	B
6	6500001	6600000	B
6	6600001	6700000	B
6	6700001	6800000	B
6	6800001	6900000	B
6	6900001	7000000	B
6	7000001	7100000	B
6	7100001	7200000	B
6	7200001	7300000	B
6	7300001	7400000	B
6	7400001	7500000	B
6	7500001	7600000	B
6	7600001	7700000	B
6	7700001	7800000	B
6	7800001	7900000	B
6	7900001	8000000	B
6	8000001	8100000	B
6	8100001	8200000	B
6	8200001	8300000	B
6	8300001	8400000	B
6	8400001	8500000	B
6	8500001	8600000	B
6	8600001	8700000	B
6	8700001	8800000	B
6	8800001	8900000	B
6	8900001	9000000	B
6	9000001	9100000	B
6	9100001	9200000	B
6	9200001	9300000	B
6	9300001	9400000	B
6	9400001	9500000	B
6	9500001	9600000	B
6	9600001	9700000	B
6	9700001	9800000	B
6	9800001	9900000	B
6	9900001	10000000	B
6	10000001	10100000	B
6	10100001	10200000	B
6	10200001	10300000	B
6	10300001	10400000	B
6	10400001	10500000	B
6	10500001	10600000	B
6	10600001	10700000	B
6	10700001	10800000	B
6	10800001	10900000	B
6	10900001	11000000	B
6	11000001	11100000	B
6	11100001	11200000	B
6	11200001	11300000	B
6	11300001	11400000	B
6	11400001	11500000	B
6	11500001	11600000	C
6	11600001	11700000	B
6	11700001	11800000	B
6	11800001	11900000	B
6	11900001	12000000	B
6	12000001	12100000	B
6	12100001	12200000	B
6	12200001	12300000	B
6	12300001	12400000	B
6	12400001	12500000	B
6	12500001	12600000	B
6	12600001	12700000	B
6	12700001	12800000	B
6	12800001	12900000	B
6	12900001	13000000	B
6	13000001	13100000	B
6	13100001	13200000	B
6	13200001	13300000	B
6	13300001	13400000	B
6	13400001	13500000	B
6	13500001	13600000	B
6	13600001	13700000	B
6	13700001	13800000	B
6	13800001	13900000	B
6	13900001	14000000	B
6	14000001	14100000	B
6	14100001	14200000	B
6	14200001	14300000	B
6	14300001	14400000	B
6	14400001	14500000	B
6	14500001	14600000	B
6	14600001	14700000	A
6	14700001	14800000	B
6	14800001	14900000	B
6	14900001	15000000	B
6	15000001	15100000	B
6	15100001	15200000	B
6	15200001	15300000	C
6	15300001	15400000	B
6	15400001	15500000	B
6	15500001	15600000	B
6	15600001	15700000	B
6	15700001	15800000	B
6	15800001	15900000	B
6	15900001	16000000	B
6	16000001	16100000	B
6	16100001	16200000	B
6	16200001	16300000	B
6	16300001	16400000	B
6	16400001	16500000	B
6	16500001	16600000	B
6	16600001	16700000	B
6	16700001	16800000	B
6	16800001	16900000	B
6	16900001	17000000	B
6	17000001	17100000	B
6	17100001	17200000	B
6	17200001	17300000	B
6	17300001	17400000	B
6	17400001	17500000	B
6	17500001	17600000	B
6	17600001	17700000	B
6	17700001	17800000	B
6	17800001	17900000	B
6	17900001	18000000	B
6	18000001	18100000	B
6	18100001	18200000	B
6	18200001	18300000	B
6	18500001	18600000	B
6	18600001	18700000	B
6	18700001	18800000	B
6	18800001	18900000	B
6	18900001	19000000	B
6	19000001	19100000	B
6	19100001	19200000	B
6	19200001	19300000	B
6	19300001	19400000	B
6	19400001	19500000	B
6	19500001	19600000	B
6	19600001	19700000	B
6	19700001	19800000	B
6	19800001	19900000	B
6	19900001	20000000	A
6	20000001	20100000	B
6	20100001	20200000	B
6	20200001	20300000	B
6	20300001	20400000	B
6	20400001	20500000	B
6	20500001	20600000	B
6	20600001	20700000	B
6	20700001	20800000	B
6	20800001	20900000	B
6	20900001	21000000	B
6	21000001	21100000	B
6	21100001	21200000	B
6	21200001	21300000	B
6	21300001	21400000	B
6	21400001	21500000	B
6	21500001	21600000	B
6	21600001	21700000	C
6	21700001	21800000	B
6	21800001	21900000	B
6	21900001	22000000	B
6	22000001	22100000	B
6	22100001	22200000	B
6	22200001	22300000	B
6	22300001	22400000	B
6	22400001	22500000	B
6	22500001	22600000	B
6	22600001	22700000	B
6	22700001	22800000	B
6	22800001	22900000	B
6	22900001	23000000	B
6	23000001	23100000	B
6	23100001	23200000	B
6	23200001	23300000	B
6	23300001	23400000	B
6	23400001	23500000	B
6	23500001	23600000	B
6	23600001	23700000	B
6	23700001	23800000	B
6	23800001	23900000	B
6	23900001	24000000	B
6	24000001	24100000	B
6	24100001	24200000	B
6	24200001	24300000	B
6	24300001	24400000	B
6	24400001	24500000	B
6	24500001	24600000	B
6	24600001	24700000	B
6	24700001	24800000	B
6	24800001	24900000	B
6	24900001	25000000	C
6	25000001	25100000	B
6	25100001	25200000	C
6	25200001	25300000	C
6	25300001	25400000	A
6	25400001	25500000	A
6	25500001	25600000	A
6	25600001	25700000	B
6	25700001	25800000	C
6	25800001	25900000	A
6	25900001	26000000	A
6	26000001	26100000	A
6	26100001	26200000	A
6	26200001	26300000	A
6	26300001	26400000	A
6	26400001	26500000	A
6	26500001	26600000	A
6	26600001	26700000	A
6	26700001	26800000	A
6	26800001	26900000	A
6	26900001	27000000	A
6	27000001	27100000	A
6	27100001	27200000	A
6	27200001	27300000	A
6	27300001	27400000	A
6	27400001	27500000	A
6	27500001	27600000	A
6	27600001	27700000	A
6	27700001	27800000	A
6	27800001	27900000	A
6	27900001	28000000	A
6	28000001	28100000	A
6	28100001	28200000	A
6	28200001	28300000	A
6	28300001	28400000	A
6	28400001	28500000	A
6	28500001	28600000	A
6	28600001	28700000	A
6	28700001	28800000	A
6	28800001	28900000	A
6	28900001	29000000	A
6	29000001	29100000	A
6	29100001	29200000	A
6	29200001	29300000	A
6	29300001	29400000	A
6	29400001	29500000	A
6	29500001	29600000	A
6	29600001	29700000	A
6	29700001	29800000	A
6	29800001	29900000	A
6	29900001	30000000	A
6	30000001	30100000	A
6	30100001	30200000	A
6	30200001	30300000	B
6	30300001	30400000	A
6	30400001	30500000	A
6	30500001	30600000	A
6	30700001	30800000	A
6	30800001	30900000	A
6	30900001	31000000	C
6	31000001	31100000	A
6	31100001	31200000	C
6	31200001	31206576	A
7	1	100000	B
7	100001	200000	B
7	200001	300000	B
7	300001	400000	B
7	400001	500000	B
7	500001	600000	B
7	600001	700000	B
7	700001	800000	B
7	800001	900000	B
7	900001	1000000	B
7	1000001	1100000	B
7	1100001	1200000	B
7	1200001	1300000	B
7	1300001	1400000	B
7	1400001	1500000	B
7	1500001	1600000	B
7	1600001	1700000	B
7	1700001	1800000	B
7	1800001	1900000	B
7	1900001	2000000	B
7	2000001	2100000	B
7	2100001	2200000	B
7	2200001	2300000	B
7	2300001	2400000	B
7	2400001	2500000	B
7	2500001	2600000	B
7	2600001	2700000	B
7	2700001	2800000	B
7	2800001	2900000	C
7	2900001	3000000	B
7	3000001	3100000	B
7	3100001	3200000	B
7	3200001	3300000	B
7	3300001	3400000	B
7	3400001	3500000	B
7	3500001	3600000	B
7	3600001	3700000	B
7	3700001	3800000	C
7	3800001	3900000	B
7	3900001	4000000	B
7	4000001	4100000	C
7	4100001	4200000	B
7	4200001	4300000	B
7	4300001	4400000	B
7	4400001	4500000	B
7	4500001	4600000	B
7	4600001	4700000	B
7	4700001	4800000	B
7	4800001	4900000	B
7	4900001	5000000	B
7	5000001	5100000	B
7	5100001	5200000	B
7	5200001	5300000	B
7	5300001	5400000	B
7	5400001	5500000	B
7	5500001	5600000	B
7	5600001	5700000	C
7	5700001	5800000	C
7	5800001	5900000	C
7	5900001	6000000	C
7	6000001	6100000	C
7	6100001	6200000	C
7	6200001	6300000	C
7	6300001	6400000	C
7	6400001	6500000	C
7	6600001	6700000	C
7	6700001	6800000	B
7	6800001	6900000	B
7	6900001	7000000	B
7	7000001	7100000	B
7	7100001	7200000	B
7	7200001	7300000	B
7	7300001	7400000	B
7	7400001	7500000	B
7	7500001	7600000	B
7	7600001	7700000	B
7	7700001	7800000	B
7	7800001	7900000	B
7	7900001	8000000	B
7	8000001	8100000	B
7	8100001	8200000	B
7	8200001	8300000	B
7	8300001	8400000	B
7	8400001	8500000	B
7	8500001	8600000	B
7	8600001	8700000	B
7	8700001	8800000	B
7	8800001	8900000	B
7	8900001	9000000	B
7	9000001	9100000	B
7	9100001	9200000	B
7	9200001	9300000	B
7	9300001	9400000	B
7	9400001	9500000	B
7	9500001	9600000	B
7	9600001	9700000	B
7	9700001	9800000	B
7	9800001	9900000	B
7	9900001	10000000	B
7	10000001	10100000	B
7	10100001	10200000	B
7	10200001	10300000	B
7	10300001	10400000	B
7	10400001	10500000	B
7	10500001	10600000	B
7	10600001	10700000	B
7	10700001	10800000	B
7	10800001	10900000	B
7	10900001	11000000	B
7	11000001	11100000	B
7	11100001	11200000	B
7	11200001	11300000	B
7	11300001	11400000	B
7	11400001	11500000	B
7	11500001	11600000	B
7	11600001	11700000	B
7	11700001	11800000	B
7	11800001	11900000	B
7	11900001	12000000	B
7	12100001	12200000	B
7	12200001	12300000	B
7	12300001	12400000	B
7	12400001	12500000	B
7	12500001	12600000	B
7	12600001	12700000	B
7	12700001	12800000	B
7	12800001	12900000	B
7	12900001	13000000	B
7	13000001	13100000	B
7	13100001	13200000	B
7	13200001	13300000	B
7	13300001	13400000	B
7	13400001	13500000	B
7	13500001	13600000	B
7	13600001	13700000	B
7	13700001	13800000	B
7	13800001	13900000	B
7	14300001	14400000	A
7	14400001	14500000	B
7	14500001	14600000	B
7	14600001	14700000	B
7	14700001	14800000	B
7	14800001	14900000	B
7	14900001	15000000	B
7	15000001	15100000	B
7	15100001	15200000	B
7	15200001	15300000	B
7	15300001	15400000	B
7	15400001	15500000	B
7	15500001	15600000	B
7	15600001	15700000	B
7	15700001	15800000	B
7	15800001	15900000	B
7	15900001	16000000	B
7	16000001	16100000	B
7	16100001	16200000	B
7	16200001	16300000	B
7	16300001	16400000	B
7	16400001	16500000	B
7	16500001	16600000	B
7	16600001	16700000	B
7	16700001	16800000	B
7	16800001	16900000	B
7	16900001	17000000	B
7	17000001	17100000	B
7	17100001	17200000	B
7	17200001	17300000	B
7	17300001	17400000	B
7	17400001	17500000	B
7	17500001	17600000	B
7	17600001	17700000	B
7	17700001	17800000	B
7	17800001	17900000	B
7	17900001	18000000	B
7	18000001	18100000	B
7	18100001	18200000	B
7	18200001	18300000	B
7	18300001	18400000	B
7	18400001	18500000	B
7	18500001	18600000	B
7	18600001	18700000	B
7	18700001	18800000	B
7	18800001	18900000	B
7	18900001	19000000	B
7	19000001	19100000	B
7	19100001	19200000	B
7	19200001	19300000	B
7	19300001	19400000	B
7	19400001	19500000	B
7	19500001	19600000	B
7	19600001	19700000	B
7	19700001	19800000	B
7	19800001	19900000	B
7	19900001	20000000	B
7	20000001	20100000	B
7	20100001	20200000	B
7	20200001	20300000	B
7	20300001	20400000	B
7	20400001	20500000	B
7	20500001	20600000	B
7	20600001	20700000	B
7	20700001	20800000	A
7	20800001	20900000	A
7	20900001	21000000	B
7	21000001	21100000	B
7	21100001	21200000	B
7	21200001	21300000	B
7	21300001	21400000	B
7	21400001	21500000	B
7	21500001	21600000	B
7	21600001	21700000	B
7	21700001	21800000	B
7	21800001	21900000	B
7	21900001	22000000	B
7	22000001	22100000	B
7	22100001	22200000	B
7	22200001	22300000	B
7	22300001	22400000	B
7	22400001	22500000	B
7	22500001	22600000	B
7	22600001	22700000	B
7	22700001	22800000	B
7	22800001	22900000	B
7	22900001	23000000	B
7	23000001	23100000	B
7	23100001	23200000	B
7	23200001	23300000	B
7	23300001	23400000	B
7	23400001	23500000	B
7	23500001	23600000	B
7	23600001	23700000	B
7	23700001	23800000	B
7	23800001	23900000	B
7	23900001	24000000	B
7	24000001	24100000	B
7	24100001	24200000	B
7	24200001	24300000	B
7	24300001	24400000	B
7	24400001	24500000	B
7	24500001	24600000	B
7	24600001	24700000	B
7	24700001	24800000	B
7	24800001	24900000	B
7	24900001	25000000	B
7	25000001	25100000	B
7	25100001	25200000	B
7	25200001	25300000	B
7	25300001	25400000	B
7	25400001	25500000	B
7	25500001	25600000	B
7	25600001	25700000	B
7	25700001	25800000	B
7	25800001	25900000	B
7	25900001	26000000	B
7	26000001	26100000	B
7	26100001	26200000	B
7	26200001	26300000	B
7	26300001	26400000	B
7	26400001	26500000	B
7	26500001	26600000	B
7	26600001	26700000	B
7	26700001	26800000	B
7	26800001	26900000	B
7	26900001	27000000	B
7	27000001	27100000	C
7	27100001	27200000	C
7	27200001	27300000	C
7	27300001	27400000	C
7	27400001	27500000	C
7	27500001	27600000	C
7	27600001	27700000	B
7	27700001	27800000	B
7	27800001	27900000	B
7	27900001	28000000	C
7	28000001	28100000	C
7	28100001	28200000	C
7	28200001	28300000	C
7	28300001	28400000	C
7	28400001	28500000	A
7	28500001	28600000	C
7	28600001	28700000	B
7	28700001	28800000	C
7	28800001	28900000	C
7	28900001	29000000	B
7	29000001	29100000	A
7	29100001	29200000	A
7	29200001	29300000	A
7	29300001	29400000	A
7	29400001	29500000	B
7	29500001	29600000	B
7	29600001	29672511	B
8	1	100000	B
8	100001	200000	B
8	200001	300000	B
8	300001	400000	A
8	400001	500000	B
8	500001	600000	B
8	600001	700000	A
8	700001	800000	A
8	800001	900000	A
8	900001	1000000	C
8	1000001	1100000	C
8	1100001	1200000	C
8	1200001	1300000	C
8	1300001	1400000	C
8	1400001	1500000	C
8	1500001	1600000	C
8	1600001	1700000	C
8	1700001	1800000	C
8	1800001	1900000	B
8	1900001	2000000	B
8	2000001	2100000	B
8	2100001	2200000	B
8	2200001	2300000	B
8	2300001	2400000	A
8	2400001	2500000	A
8	2500001	2600000	A
8	2600001	2700000	A
8	2700001	2800000	A
8	2800001	2900000	B
8	2900001	3000000	C
8	3000001	3100000	C
8	3100001	3200000	C
8	3200001	3300000	C
8	3300001	3400000	C
8	3400001	3500000	C
8	3500001	3600000	C
8	3600001	3700000	C
8	3700001	3800000	A
8	3800001	3900000	C
8	3900001	4000000	C
8	4000001	4100000	C
8	4100001	4200000	C
8	4200001	4300000	C
8	4300001	4400000	C
8	4400001	4500000	C
8	4500001	4600000	C
8	4600001	4700000	C
8	4700001	4800000	C
8	4800001	4900000	C
8	4900001	5000000	C
8	5000001	5100000	C
8	5100001	5200000	C
8	5200001	5300000	C
8	5300001	5400000	C
8	5400001	5500000	C
8	5500001	5600000	B
8	5600001	5700000	B
8	5700001	5800000	B
8	5800001	5900000	B
8	5900001	6000000	B
8	6000001	6100000	B
8	6100001	6200000	B
8	6200001	6300000	B
8	6300001	6400000	B
8	6400001	6500000	C
8	6500001	6600000	B
8	6600001	6700000	B
8	6700001	6800000	B
8	6800001	6900000	B
8	6900001	7000000	B
8	7000001	7100000	B
8	7100001	7200000	B
8	7200001	7300000	B
8	7300001	7400000	B
8	7400001	7500000	B
8	7500001	7600000	B
8	7600001	7700000	B
8	7700001	7800000	B
8	7800001	7900000	B
8	7900001	8000000	B
8	8000001	8100000	A
8	8100001	8200000	A
8	8200001	8300000	A
8	8300001	8400000	B
8	8400001	8500000	B
8	8500001	8600000	C
8	8600001	8700000	C
8	8700001	8800000	C
8	8800001	8900000	C
8	8900001	9000000	C
8	9000001	9100000	C
8	9100001	9200000	A
8	9200001	9300000	C
8	9300001	9400000	C
8	9400001	9500000	C
8	9500001	9600000	C
8	9600001	9700000	C
8	9700001	9800000	C
8	9800001	9900000	C
8	9900001	10000000	C
8	10000001	10100000	C
8	10100001	10200000	C
8	10200001	10300000	C
8	10300001	10400000	C
8	10400001	10500000	C
8	10500001	10600000	C
8	10600001	10700000	C
8	10700001	10800000	C
8	10800001	10900000	A
8	10900001	11000000	A
8	11000001	11100000	C
8	11100001	11200000	A
8	11200001	11300000	C
8	11300001	11400000	A
8	11400001	11500000	A
8	11500001	11600000	A
8	11600001	11700000	A
8	11700001	11800000	A
8	11800001	11900000	A
8	11900001	12000000	A
8	12000001	12100000	A
8	12100001	12200000	A
8	12200001	12300000	C
8	12300001	12400000	A
8	12400001	12500000	A
8	12500001	12600000	A
8	12600001	12700000	A
8	12700001	12800000	A
8	12800001	12900000	A
8	12900001	13000000	A
8	13000001	13100000	A
8	13100001	13200000	C
8	13300001	13400000	A
8	13400001	13500000	A
8	13500001	13600000	A
8	13600001	13700000	A
8	13700001	13800000	A
8	13800001	13900000	A
8	13900001	14000000	A
8	14000001	14100000	A
8	14100001	14200000	A
8	14200001	14300000	A
8	14300001	14400000	A
8	14400001	14500000	A
8	14500001	14600000	A
8	14600001	14700000	A
8	14700001	14800000	A
8	14800001	14900000	A
8	14900001	15000000	A
8	15000001	15100000	A
8	15100001	15200000	A
8	15200001	15300000	A
8	15300001	15400000	A
8	15400001	15500000	B
8	15500001	15600000	A
8	15600001	15700000	C
8	15700001	15800000	A
8	15800001	15900000	C
8	15900001	16000000	C
8	16000001	16100000	C
8	16100001	16200000	C
8	16200001	16300000	A
8	16300001	16400000	C
8	16400001	16500000	A
8	16500001	16600000	A
8	16600001	16700000	C
8	16700001	16800000	C
8	16800001	16900000	C
8	16900001	17000000	C
8	17000001	17100000	A
8	17100001	17200000	A
8	17200001	17300000	C
8	17300001	17400000	C
8	17400001	17500000	C
8	17500001	17600000	C
8	17600001	17700000	C
8	17700001	17800000	C
8	17800001	17900000	C
8	17900001	18000000	C
8	18000001	18100000	C
8	18100001	18200000	C
8	18200001	18300000	C
8	18300001	18400000	C
8	18400001	18500000	A
8	18500001	18600000	C
8	18600001	18700000	B
8	18700001	18800000	C
8	18800001	18900000	B
8	18900001	19000000	B
8	19000001	19100000	B
8	19100001	19200000	B
8	19200001	19300000	B
8	19300001	19400000	C
8	19400001	19500000	C
8	19500001	19600000	A
8	19600001	19700000	A
8	19700001	19800000	C
8	19800001	19900000	C
8	19900001	20000000	C
8	20000001	20100000	B
8	20100001	20200000	C
8	20200001	20300000	C
8	20300001	20400000	C
8	20400001	20500000	C
8	20500001	20600000	C
8	20600001	20700000	C
8	20700001	20800000	C
8	20800001	20900000	C
8	20900001	21000000	B
8	21000001	21100000	B
8	21100001	21200000	C
8	21200001	21300000	B
8	21300001	21400000	B
8	21400001	21500000	B
8	21500001	21600000	B
8	21600001	21700000	C
8	21700001	21800000	B
8	21800001	21900000	C
8	21900001	22000000	A
8	22000001	22100000	A
8	22100001	22200000	A
8	22200001	22300000	C
8	22300001	22400000	A
8	22400001	22500000	A
8	22500001	22600000	C
8	22600001	22700000	A
8	22700001	22800000	C
8	22800001	22900000	C
8	22900001	23000000	A
8	23000001	23100000	A
8	23100001	23200000	C
8	23200001	23300000	C
8	23300001	23400000	B
8	23400001	23500000	C
8	23500001	23600000	C
8	23600001	23700000	A
8	23700001	23800000	A
8	23800001	23900000	A
8	23900001	24000000	A
8	24000001	24100000	A
8	24100001	24200000	A
8	24200001	24300000	A
8	24300001	24400000	A
8	24400001	24500000	A
8	24500001	24600000	A
8	24600001	24700000	A
8	24700001	24800000	A
8	24800001	24900000	A
8	24900001	25000000	A
8	25000001	25100000	A
8	25100001	25200000	A
8	25200001	25300000	A
8	25300001	25400000	A
8	25400001	25500000	A
8	25500001	25600000	A
8	25600001	25700000	A
8	25700001	25800000	A
8	25800001	25900000	C
8	25900001	26000000	A
8	26000001	26100000	C
8	26100001	26200000	A
8	26200001	26300000	A
8	26300001	26400000	C
8	26400001	26500000	C
8	26500001	26600000	B
8	26600001	26700000	A
8	26700001	26800000	A
8	26800001	26900000	B
8	26900001	27000000	B
8	27000001	27100000	B
8	27100001	27200000	B
8	27200001	27300000	B
8	27300001	27400000	B
8	27400001	27500000	B
8	27500001	27600000	B
8	27600001	27700000	B
8	27700001	27800000	B
8	27800001	27900000	B
8	27900001	28000000	B
8	28000001	28100000	B
8	28100001	28200000	B
8	28200001	28300000	B
8	28300001	28400000	B
8	28400001	28438543	B
9	1	100000	A
9	100001	200000	A
9	200001	300000	A
9	300001	400000	A
9	400001	500000	A
9	500001	600000	A
9	600001	700000	A
9	700001	800000	A
9	800001	900000	A
9	900001	1000000	A
9	1000001	1100000	A
9	1100001	1200000	A
9	1200001	1300000	A
9	1300001	1400000	A
9	1400001	1500000	A
9	1500001	1600000	A
9	1600001	1700000	A
9	1700001	1800000	A
9	1800001	1900000	A
9	1900001	2000000	A
9	2000001	2100000	A
9	2100001	2200000	A
9	2200001	2300000	A
9	2300001	2400000	A
9	2400001	2500000	A
9	2500001	2600000	A
9	2600001	2700000	A
9	2700001	2800000	A
9	2800001	2900000	A
9	2900001	3000000	A
9	3000001	3100000	A
9	3100001	3200000	A
9	3200001	3300000	A
9	3300001	3400000	A
9	3400001	3500000	A
9	3500001	3600000	A
9	3600001	3700000	A
9	3700001	3800000	A
9	3800001	3900000	A
9	3900001	4000000	A
9	4000001	4100000	A
9	4100001	4200000	A
9	4200001	4300000	A
9	4300001	4400000	A
9	4400001	4500000	A
9	4500001	4600000	A
9	4600001	4700000	A
9	4700001	4800000	A
9	4800001	4900000	C
9	4900001	5000000	A
9	5000001	5100000	A
9	5100001	5200000	A
9	5200001	5300000	A
9	5300001	5400000	A
9	5400001	5500000	A
9	5500001	5600000	A
9	5600001	5700000	A
9	5700001	5800000	A
9	5800001	5900000	A
9	5900001	6000000	A
9	6000001	6100000	A
9	6100001	6200000	A
9	6200001	6300000	A
9	6300001	6400000	A
9	6400001	6500000	A
9	6500001	6600000	C
9	6600001	6700000	A
9	6700001	6800000	A
9	6800001	6900000	A
9	6900001	7000000	A
9	7000001	7100000	A
9	7100001	7200000	A
9	7200001	7300000	A
9	7300001	7400000	A
9	7400001	7500000	C
9	7500001	7600000	A
9	7600001	7700000	A
9	7700001	7800000	A
9	7800001	7900000	A
9	7900001	8000000	A
9	8000001	8100000	A
9	8100001	8200000	A
9	8200001	8300000	A
9	8500001	8600000	A
9	8600001	8700000	A
9	8700001	8800000	A
9	8800001	8900000	A
9	8900001	9000000	A
9	9000001	9100000	A
9	9100001	9200000	A
9	9200001	9300000	A
9	9300001	9400000	A
9	9400001	9500000	A
9	9500001	9600000	A
9	9600001	9700000	A
9	9700001	9800000	A
9	9800001	9900000	A
9	9900001	10000000	A
9	10000001	10100000	A
9	10100001	10200000	A
9	10200001	10300000	A
9	10300001	10400000	A
9	10400001	10500000	A
9	10500001	10600000	A
9	10700001	10800000	A
9	10800001	10900000	A
9	10900001	11000000	A
9	11000001	11100000	A
9	11100001	11200000	A
9	11200001	11300000	A
9	11300001	11400000	A
9	11400001	11500000	A
9	11500001	11600000	A
9	11600001	11700000	A
9	11700001	11800000	A
9	11800001	11900000	A
9	11900001	12000000	A
9	12000001	12100000	A
9	12100001	12200000	A
9	12200001	12300000	A
9	12300001	12400000	A
9	12400001	12500000	A
9	12500001	12600000	A
9	12600001	12700000	A
9	12700001	12800000	A
9	12800001	12900000	A
9	12900001	13000000	A
9	13000001	13100000	A
9	13100001	13200000	A
9	13200001	13300000	A
9	13300001	13400000	A
9	13400001	13500000	A
9	13500001	13600000	A
9	13600001	13700000	A
9	13700001	13800000	A
9	13800001	13900000	A
9	13900001	14000000	A
9	14000001	14100000	A
9	14100001	14200000	A
9	14200001	14300000	C
9	14300001	14400000	A
9	14400001	14500000	A
9	14500001	14600000	A
9	14600001	14700000	A
9	14700001	14800000	A
9	14800001	14900000	A
9	14900001	15000000	A
9	15000001	15100000	A
9	15100001	15200000	A
9	15200001	15300000	A
9	15300001	15400000	A
9	15400001	15500000	A
9	15500001	15600000	C
9	15600001	15700000	A
9	15700001	15800000	A
9	15800001	15900000	A
9	15900001	16000000	A
9	16000001	16100000	A
9	16100001	16200000	A
9	16200001	16300000	A
9	16300001	16400000	A
9	16400001	16500000	A
9	16500001	16600000	A
9	16600001	16700000	A
9	16700001	16800000	A
9	16800001	16900000	A
9	16900001	17000000	A
9	17000001	17100000	A
9	17100001	17200000	A
9	17200001	17300000	A
9	17300001	17400000	A
9	17400001	17500000	A
9	17500001	17600000	A
9	17600001	17700000	A
9	17700001	17800000	A
9	17800001	17900000	A
9	17900001	18000000	A
9	18000001	18100000	A
9	18100001	18200000	A
9	18200001	18300000	A
9	18300001	18400000	A
9	18400001	18500000	A
9	18500001	18600000	A
9	18600001	18700000	A
9	18700001	18800000	A
9	18800001	18900000	A
9	18900001	19000000	A
9	19000001	19100000	A
9	19100001	19200000	A
9	19200001	19300000	A
9	19300001	19400000	A
9	19400001	19500000	A
9	19500001	19600000	A
9	19600001	19700000	A
9	19700001	19800000	A
9	19800001	19900000	A
9	19900001	20000000	A
9	20000001	20100000	A
9	20100001	20200000	A
9	20200001	20300000	A
9	20300001	20400000	A
9	20400001	20500000	A
9	20500001	20600000	B
9	20600001	20700000	B
9	20700001	20800000	C
9	20800001	20900000	C
9	20900001	21000000	C
9	21000001	21100000	C
9	21100001	21200000	C
9	21200001	21300000	C
9	21300001	21400000	C
9	21400001	21500000	C
9	21500001	21600000	C
9	21600001	21700000	C
9	21700001	21800000	A
9	21800001	21900000	A
9	21900001	22000000	A
9	22000001	22100000	A
9	22100001	22200000	B
9	22200001	22300000	C
9	22300001	22400000	C
9	22400001	22500000	C
9	22500001	22600000	B
9	22600001	22700000	C
9	22700001	22800000	A
9	22800001	22900000	A
9	22900001	22939953	A
10	1	100000	B
10	100001	200000	A
10	200001	300000	A
10	300001	400000	A
10	400001	500000	A
10	500001	600000	A
10	600001	700000	B
10	700001	800000	B
10	800001	900000	B
10	900001	1000000	A
10	1000001	1100000	B
10	1100001	1200000	B
10	1200001	1300000	A
10	1300001	1400000	B
10	1400001	1500000	A
10	1500001	1600000	B
10	1600001	1700000	B
10	1700001	1800000	A
10	1800001	1900000	B
10	1900001	2000000	B
10	2000001	2100000	A
10	2100001	2200000	A
10	2200001	2300000	B
10	2300001	2400000	B
10	2400001	2500000	A
10	2500001	2600000	A
10	2600001	2700000	A
10	2700001	2800000	A
10	2800001	2900000	A
10	2900001	3000000	A
10	3000001	3100000	A
10	3100001	3200000	A
10	3200001	3300000	A
10	3300001	3400000	A
10	3400001	3500000	A
10	3500001	3600000	A
10	3600001	3700000	A
10	3700001	3800000	A
10	3800001	3900000	A
10	3900001	4000000	A
10	4000001	4100000	A
10	4200001	4300000	A
10	4300001	4400000	A
10	4400001	4500000	A
10	4500001	4600000	A
10	4600001	4700000	A
10	4700001	4800000	A
10	4800001	4900000	A
10	4900001	5000000	A
10	5000001	5100000	A
10	5100001	5200000	A
10	5200001	5300000	A
10	5300001	5400000	A
10	5400001	5500000	B
10	5500001	5600000	B
10	5600001	5700000	B
10	5700001	5800000	A
10	5800001	5900000	A
10	5900001	6000000	A
10	6000001	6100000	B
10	6100001	6200000	B
10	6200001	6300000	B
10	6300001	6400000	B
10	6400001	6500000	B
10	6500001	6600000	B
10	6600001	6700000	B
10	6700001	6800000	B
10	6800001	6900000	B
10	6900001	7000000	B
10	7000001	7100000	B
10	7100001	7200000	B
10	7200001	7300000	B
10	7300001	7400000	B
10	7400001	7500000	B
10	7500001	7600000	B
10	7600001	7700000	B
10	7700001	7800000	B
10	7800001	7900000	B
10	7900001	8000000	B
10	8000001	8100000	B
10	8100001	8200000	B
10	8200001	8300000	B
10	8300001	8400000	B
10	8400001	8500000	B
10	8500001	8600000	B
10	8600001	8700000	B
10	8700001	8800000	B
10	8800001	8900000	B
10	8900001	9000000	B
10	9000001	9100000	B
10	9100001	9200000	B
10	9200001	9300000	B
10	9300001	9400000	B
10	9400001	9500000	B
10	9500001	9600000	B
10	9600001	9700000	B
10	9700001	9800000	B
10	9800001	9900000	B
10	9900001	10000000	B
10	10000001	10100000	B
10	10100001	10200000	B
10	10200001	10300000	B
10	10300001	10400000	B
10	10400001	10500000	B
10	10500001	10600000	B
10	10600001	10700000	B
10	10700001	10800000	B
10	10900001	11000000	B
10	11000001	11100000	B
10	11100001	11200000	B
10	11200001	11300000	B
10	11300001	11400000	B
10	11400001	11500000	B
10	11500001	11600000	B
10	11600001	11700000	B
10	11700001	11800000	B
10	11800001	11900000	B
10	11900001	12000000	B
10	12000001	12100000	B
10	12100001	12200000	B
10	12200001	12300000	B
10	12300001	12400000	B
10	12400001	12500000	B
10	12500001	12600000	B
10	12600001	12700000	B
10	12700001	12800000	B
10	12800001	12900000	B
10	12900001	13000000	B
10	13000001	13100000	B
10	13100001	13200000	B
10	13200001	13300000	B
10	13300001	13400000	B
10	13400001	13500000	B
10	13500001	13600000	B
10	13600001	13700000	B
10	13700001	13800000	B
10	13800001	13900000	B
10	13900001	14000000	B
10	14000001	14100000	B
10	14100001	14200000	B
10	14200001	14300000	B
10	14300001	14400000	B
10	14400001	14500000	B
10	14500001	14600000	B
10	14600001	14700000	B
10	14700001	14800000	B
10	14800001	14900000	B
10	14900001	15000000	B
10	15000001	15100000	B
10	15100001	15200000	B
10	15200001	15300000	B
10	15300001	15400000	B
10	15400001	15500000	B
10	15500001	15600000	B
10	15600001	15700000	B
10	15700001	15800000	B
10	15800001	15900000	B
10	15900001	16000000	B
10	16000001	16100000	B
10	16100001	16200000	B
10	16200001	16300000	B
10	16300001	16400000	B
10	16400001	16500000	B
10	16500001	16600000	B
10	16600001	16700000	B
10	16700001	16800000	B
10	16800001	16900000	B
10	16900001	17000000	B
10	17000001	17100000	B
10	17100001	17200000	B
10	17200001	17300000	B
10	17300001	17400000	B
10	17400001	17500000	B
10	17500001	17600000	B
10	17600001	17700000	B
10	17700001	17800000	B
10	17800001	17900000	B
10	17900001	18000000	B
10	18000001	18100000	B
10	18100001	18200000	B
10	18200001	18300000	B
10	18300001	18400000	B
10	18400001	18500000	B
10	18500001	18600000	B
10	18600001	18700000	A
10	18700001	18800000	B
10	18800001	18900000	B
10	18900001	19000000	A
10	19000001	19100000	A
10	19100001	19200000	A
10	19200001	19300000	B
10	19300001	19400000	A
10	19400001	19500000	A
10	19500001	19600000	A
10	19600001	19700000	A
10	19700001	19800000	A
10	19800001	19900000	B
10	19900001	20000000	B
10	20000001	20100000	B
10	20100001	20200000	C
10	20200001	20300000	C
10	20300001	20400000	B
10	20400001	20500000	A
10	20500001	20600000	C
10	20600001	20700000	A
10	20700001	20800000	C
10	20800001	20900000	A
10	20900001	21000000	A
10	21000001	21100000	B
10	21100001	21200000	B
10	21200001	21300000	A
10	21300001	21400000	B
10	21400001	21500000	A
10	21500001	21600000	C
10	21600001	21700000	C
10	21700001	21800000	C
10	21800001	21900000	C
10	21900001	22000000	C
10	22000001	22100000	C
10	22100001	22200000	B
10	22200001	22300000	B
10	22300001	22400000	B
10	22400001	22500000	B
10	22500001	22600000	C
10	22600001	22700000	C
10	22700001	22800000	C
10	22800001	22900000	C
10	22900001	23000000	C
10	23000001	23100000	C
10	23100001	23200000	C
10	23200001	23204854	C
11	1	100000	B
11	100001	200000	B
11	200001	300000	B
11	300001	400000	B
11	400001	500000	B
11	500001	600000	B
11	600001	700000	B
11	700001	800000	B
11	800001	900000	B
11	900001	1000000	B
11	1000001	1100000	B
11	1100001	1200000	B
11	1200001	1300000	B
11	1300001	1400000	B
11	1400001	1500000	A
11	1500001	1600000	A
11	1600001	1700000	A
11	1700001	1800000	A
11	1800001	1900000	A
11	1900001	2000000	A
11	2000001	2100000	A
11	2100001	2200000	A
11	2200001	2300000	A
11	2300001	2400000	C
11	2400001	2500000	B
11	2500001	2600000	B
11	2600001	2700000	B
11	2700001	2800000	B
11	2800001	2900000	C
11	2900001	3000000	B
11	3000001	3100000	A
11	3100001	3200000	B
11	3200001	3300000	A
11	3300001	3400000	A
11	3400001	3500000	A
11	3500001	3600000	B
11	3600001	3700000	A
11	3700001	3800000	A
11	3800001	3900000	A
11	3900001	4000000	A
11	4000001	4100000	A
11	4100001	4200000	A
11	4200001	4300000	A
11	4300001	4400000	A
11	4400001	4500000	A
11	4500001	4600000	A
11	4600001	4700000	A
11	4700001	4800000	A
11	4800001	4900000	A
11	4900001	5000000	A
11	5000001	5100000	A
11	5100001	5200000	A
11	5200001	5300000	B
11	5300001	5400000	C
11	5400001	5500000	B
11	5500001	5600000	B
11	5600001	5700000	B
11	5700001	5800000	B
11	5800001	5900000	B
11	5900001	6000000	C
11	6000001	6100000	B
11	6100001	6200000	C
11	6200001	6300000	C
11	6300001	6400000	B
11	6400001	6500000	C
11	6500001	6600000	C
11	6600001	6700000	C
11	6800001	6900000	C
11	6900001	7000000	B
11	7000001	7100000	C
11	7100001	7200000	B
11	7200001	7300000	B
11	7300001	7400000	B
11	7400001	7500000	C
11	7500001	7600000	B
11	7600001	7700000	C
11	7700001	7800000	C
11	7800001	7900000	C
11	7900001	8000000	B
11	8000001	8100000	B
11	8100001	8200000	B
11	8200001	8300000	B
11	8300001	8400000	B
11	8400001	8500000	B
11	8500001	8600000	B
11	8600001	8700000	B
11	8700001	8800000	B
11	8800001	8900000	B
11	8900001	9000000	B
11	9000001	9100000	B
11	9100001	9200000	B
11	9200001	9300000	B
11	9300001	9400000	B
11	9400001	9500000	B
11	9500001	9600000	B
11	9600001	9700000	B
11	9700001	9800000	B
11	9800001	9900000	B
11	9900001	10000000	B
11	10000001	10100000	B
11	10100001	10200000	B
11	10200001	10300000	B
11	10300001	10400000	B
11	10400001	10500000	B
11	10500001	10600000	B
11	10600001	10700000	B
11	10700001	10800000	B
11	10800001	10900000	B
11	10900001	11000000	B
11	11000001	11100000	B
11	11100001	11200000	B
11	11200001	11300000	B
11	11300001	11400000	B
11	11400001	11500000	B
11	11500001	11600000	B
11	11600001	11700000	B
11	11700001	11800000	B
11	11800001	11900000	B
11	11900001	12000000	B
11	12000001	12100000	B
11	12100001	12200000	B
11	12200001	12300000	B
11	12500001	12600000	B
11	12600001	12700000	B
11	12700001	12800000	B
11	12800001	12900000	B
11	12900001	13000000	A
11	13000001	13100000	B
11	13100001	13200000	B
11	13200001	13300000	B
11	13300001	13400000	B
11	13400001	13500000	B
11	13500001	13600000	B
11	13600001	13700000	B
11	13700001	13800000	B
11	13800001	13900000	B
11	13900001	14000000	B
11	14000001	14100000	B
11	14100001	14200000	B
11	14200001	14300000	B
11	14300001	14400000	B
11	14400001	14500000	B
11	14500001	14600000	B
11	14600001	14700000	B
11	14700001	14800000	B
11	14800001	14900000	B
11	14900001	15000000	B
11	15000001	15100000	B
11	15100001	15200000	B
11	15200001	15300000	B
11	15300001	15400000	B
11	15400001	15500000	B
11	15500001	15600000	B
11	15600001	15700000	B
11	15700001	15800000	B
11	15800001	15900000	B
11	15900001	16000000	B
11	16000001	16100000	B
11	16100001	16200000	B
11	16200001	16300000	B
11	16300001	16400000	B
11	16400001	16500000	B
11	16500001	16600000	B
11	16600001	16700000	B
11	16700001	16800000	B
11	16800001	16900000	B
11	16900001	17000000	B
11	17000001	17100000	B
11	17100001	17200000	B
11	17200001	17300000	C
11	17300001	17400000	A
11	17400001	17500000	A
11	17500001	17600000	A
11	17600001	17700000	A
11	17700001	17800000	A
11	17800001	17900000	A
11	17900001	18000000	A
11	18000001	18100000	A
11	18100001	18200000	A
11	18200001	18300000	A
11	18300001	18400000	A
11	18400001	18500000	A
11	18500001	18600000	A
11	18600001	18700000	A
11	18700001	18800000	A
11	18800001	18900000	A
11	18900001	19000000	A
11	19000001	19100000	A
11	19100001	19200000	A
11	19200001	19300000	A
11	19300001	19400000	A
11	19400001	19500000	A
11	19500001	19600000	A
11	19600001	19700000	A
11	19700001	19800000	A
11	19800001	19900000	A
11	19900001	20000000	A
11	20000001	20100000	A
11	20100001	20200000	A
11	20200001	20300000	A
11	20300001	20400000	A
11	20400001	20500000	A
11	20500001	20600000	A
11	20600001	20700000	A
11	20700001	20800000	A
11	20800001	20900000	A
11	20900001	21000000	A
11	21000001	21100000	A
11	21100001	21200000	A
11	21200001	21300000	A
11	21300001	21400000	A
11	21400001	21500000	A
11	21500001	21600000	A
11	21600001	21700000	A
11	21700001	21800000	A
11	21800001	21900000	A
11	21900001	22000000	A
11	22000001	22100000	A
11	22100001	22200000	A
11	22200001	22300000	A
11	22300001	22400000	A
11	22400001	22500000	A
11	22500001	22600000	A
11	22600001	22700000	A
11	22700001	22800000	A
11	22800001	22900000	A
11	22900001	23000000	A
11	23000001	23100000	A
11	23100001	23200000	A
11	23200001	23300000	A
11	23300001	23400000	A
11	23400001	23500000	A
11	23500001	23600000	A
11	23600001	23700000	A
11	23700001	23800000	A
11	23800001	23900000	A
11	23900001	24000000	A
11	24000001	24100000	A
11	24100001	24200000	A
11	24200001	24300000	A
11	24300001	24400000	A
11	24400001	24500000	A
11	24500001	24600000	A
11	24600001	24700000	A
11	24700001	24800000	A
11	24800001	24900000	A
11	24900001	25000000	A
11	25000001	25100000	A
11	25100001	25200000	A
11	25200001	25300000	A
11	25300001	25400000	A
11	25400001	25500000	A
11	25500001	25600000	A
11	25600001	25700000	A
11	25700001	25800000	A
11	25800001	25900000	A
11	25900001	26000000	A
11	26000001	26100000	A
11	26100001	26200000	A
11	26200001	26300000	A
11	26300001	26400000	A
11	26400001	26500000	A
11	26500001	26600000	A
11	26600001	26700000	A
11	26700001	26800000	A
11	26800001	26900000	A
11	26900001	27000000	A
11	27000001	27100000	A
11	27100001	27200000	A
11	27200001	27300000	A
11	27300001	27400000	A
11	27400001	27500000	A
11	27500001	27600000	A
11	27600001	27700000	A
11	27700001	27800000	A
11	27800001	27900000	A
11	27900001	28000000	A
11	28000001	28100000	B
11	28100001	28200000	C
11	28300001	28400000	B
11	28400001	28500000	C
11	28600001	28700000	C
11	28700001	28800000	C
11	28800001	28900000	A
11	28900001	29000000	A
11	29000001	29008994	A
12	100001	200000	B
12	200001	300000	A
12	300001	400000	A
12	400001	500000	B
12	500001	600000	B
12	600001	700000	B
12	700001	800000	A
12	800001	900000	A
12	900001	1000000	A
12	1000001	1100000	B
12	1100001	1200000	A
12	1200001	1300000	A
12	1300001	1400000	A
12	1400001	1500000	A
12	1500001	1600000	A
12	1600001	1700000	A
12	1700001	1800000	B
12	1800001	1900000	B
12	1900001	2000000	B
12	2000001	2100000	B
12	2100001	2200000	B
12	2200001	2300000	B
12	2300001	2400000	B
12	2400001	2500000	A
12	2500001	2600000	A
12	2600001	2700000	B
12	2700001	2800000	A
12	2800001	2900000	A
12	2900001	3000000	B
12	3000001	3100000	A
12	3100001	3200000	A
12	3200001	3300000	A
12	3300001	3400000	A
12	3400001	3500000	A
12	3500001	3600000	B
12	3600001	3700000	A
12	3700001	3800000	C
12	3800001	3900000	C
12	3900001	4000000	C
12	4000001	4100000	C
12	4100001	4200000	C
12	4200001	4300000	C
12	4300001	4400000	C
12	4400001	4500000	C
12	4500001	4600000	B
12	4600001	4700000	C
12	4700001	4800000	C
12	4800001	4900000	C
12	4900001	5000000	C
12	5000001	5100000	C
12	5100001	5200000	C
12	5300001	5400000	C
12	5400001	5500000	C
12	5500001	5600000	C
12	5600001	5700000	C
12	5700001	5800000	C
12	5800001	5900000	C
12	5900001	6000000	C
12	6000001	6100000	C
12	6100001	6200000	C
12	6200001	6300000	C
12	6500001	6600000	C
12	6600001	6700000	C
12	6700001	6800000	C
12	6800001	6900000	C
12	6900001	7000000	C
12	7000001	7100000	C
12	7100001	7200000	C
12	7200001	7300000	C
12	7300001	7400000	C
12	7400001	7500000	C
12	7500001	7600000	C
12	7600001	7700000	C
12	7700001	7800000	C
12	7800001	7900000	C
12	7900001	8000000	C
12	8000001	8100000	C
12	8100001	8200000	C
12	8200001	8300000	C
12	8400001	8500000	C
12	8500001	8600000	C
12	8700001	8800000	C
12	8800001	8900000	C
12	8900001	9000000	C
12	9000001	9100000	C
12	9100001	9200000	C
12	9200001	9300000	C
12	9300001	9400000	C
12	9400001	9500000	C
12	9500001	9600000	C
12	9600001	9700000	C
12	9700001	9800000	C
12	9800001	9900000	C
12	9900001	10000000	C
12	10000001	10100000	C
12	10100001	10200000	C
12	10200001	10300000	C
12	10300001	10400000	C
12	10400001	10500000	C
12	10500001	10600000	C
12	10600001	10700000	C
12	10700001	10800000	C
12	10800001	10900000	C
12	10900001	11000000	C
12	11000001	11100000	C
12	11100001	11200000	C
12	11200001	11300000	C
12	11300001	11400000	C
12	11400001	11500000	C
12	11500001	11600000	C
12	11600001	11700000	C
12	11700001	11800000	C
12	11800001	11900000	C
12	11900001	12000000	C
12	12000001	12100000	C
12	12100001	12200000	C
12	12200001	12300000	C
12	12300001	12400000	C
12	12400001	12500000	C
12	12500001	12600000	C
12	12600001	12700000	C
12	12700001	12800000	C
12	12800001	12900000	C
12	12900001	13000000	C
12	13000001	13100000	C
12	13100001	13200000	C
12	13200001	13300000	C
12	13400001	13500000	C
12	13500001	13600000	C
12	13600001	13700000	C
12	13700001	13800000	C
12	13800001	13900000	C
12	13900001	14000000	C
12	14000001	14100000	C
12	14100001	14200000	C
12	14200001	14300000	C
12	14300001	14400000	C
12	14400001	14500000	C
12	14500001	14600000	C
12	14600001	14700000	C
12	14700001	14800000	C
12	14800001	14900000	C
12	14900001	15000000	C
12	15000001	15100000	C
12	15100001	15200000	C
12	15200001	15300000	C
12	15300001	15400000	C
12	15400001	15500000	C
12	15500001	15600000	C
12	15600001	15700000	C
12	15700001	15800000	C
12	15800001	15900000	C
12	15900001	16000000	C
12	16100001	16200000	C
12	16200001	16300000	C
12	16300001	16400000	C
12	16400001	16500000	C
12	16500001	16600000	C
12	16600001	16700000	C
12	16700001	16800000	C
12	16900001	17000000	C
12	17000001	17100000	C
12	17100001	17200000	C
12	17200001	17300000	C
12	17300001	17400000	C
12	17400001	17500000	C
12	17500001	17600000	C
12	17600001	17700000	C
12	17700001	17800000	C
12	17800001	17900000	C
12	17900001	18000000	C
12	18000001	18100000	C
12	18100001	18200000	C
12	18200001	18300000	C
12	18300001	18400000	C
12	18400001	18500000	C
12	18500001	18600000	C
12	18600001	18700000	C
12	18700001	18800000	C
12	18800001	18900000	C
12	18900001	19000000	C
12	19000001	19100000	C
12	19100001	19200000	C
12	19200001	19300000	C
12	19300001	19400000	C
12	19400001	19500000	C
12	19500001	19600000	C
12	19600001	19700000	C
12	19700001	19800000	C
12	19800001	19900000	C
12	19900001	20000000	C
12	20000001	20100000	C
12	20100001	20200000	C
12	20200001	20300000	B
12	20400001	20500000	C
12	20700001	20800000	C
12	20800001	20900000	C
12	20900001	21000000	C
12	21000001	21100000	C
12	21100001	21200000	C
12	21200001	21300000	C
12	21300001	21400000	A
12	21400001	21500000	C
12	21500001	21600000	C
12	21600001	21700000	C
12	21700001	21800000	C
12	21800001	21900000	C
12	21900001	22000000	C
12	22000001	22100000	C
12	22100001	22200000	B
12	22200001	22300000	B
12	22300001	22400000	B
12	22400001	22500000	B
12	22500001	22600000	B
12	22600001	22700000	B
12	22700001	22800000	B
12	22800001	22900000	B
12	22900001	23000000	B
12	23000001	23100000	B
12	23100001	23200000	B
12	23200001	23300000	B
12	23300001	23400000	B
12	23400001	23500000	B
12	23500001	23600000	B
12	23600001	23700000	B
12	23700001	23800000	B
12	23800001	23900000	B
12	23900001	24000000	B
12	24000001	24100000	B
12	24100001	24200000	B
12	24200001	24300000	B
12	24300001	24400000	B
12	24400001	24500000	B
12	24500001	24600000	B
12	24600001	24700000	B
12	24700001	24800000	C
12	24800001	24900000	A
12	24900001	25000000	A
12	25000001	25100000	A
12	25100001	25200000	B
12	25200001	25300000	A
12	25300001	25400000	B
12	25400001	25500000	A
12	25500001	25600000	A
12	25600001	25700000	A
12	25700001	25800000	A
12	25800001	25900000	A
12	25900001	26000000	A
12	26000001	26100000	B
12	26100001	26200000	A
12	26200001	26300000	A
12	26300001	26400000	B
12	26400001	26500000	A
12	26500001	26600000	C
12	26600001	26700000	A
12	26700001	26800000	A
12	26800001	26900000	C
12	26900001	27000000	C
12	27000001	27100000	C
12	27100001	27200000	C
12	27200001	27300000	C
12	27300001	27400000	B
12	27400001	27500000	C
12	27500001	27530374	A
